generation	time	fitness
0	3.094254732131958	0.6151817192758243
1	7.942883491516113	0.8589380126987104
2	11.012123584747314	0.9555813136358835
3	13.981564998626709	1.0130195866486755
4	17.043526649475098	1.079913233368381
5	19.96766710281372	1.1313491890916465
6	22.606465339660645	1.137920232317879
7	25.06692385673523	1.1614346925572798
8	27.414507150650024	1.1632977198037104
9	29.33133602142334	1.189260491304489
10	31.33672070503235	1.189260491304489
11	33.267818450927734	1.189260491304489
12	35.042091369628906	1.189260491304489
13	36.77664303779602	1.189260491304489
14	38.24358296394348	1.189260491304489
15	39.84886860847473	1.2224076257380367
16	41.50868558883667	1.2224076257380367
17	43.160293102264404	1.2224076257380367
18	44.80821442604065	1.2224076257380367
19	46.479652404785156	1.2224076257380367
20	48.19395065307617	1.2224076257380367
21	49.68229293823242	1.2224076257380367
22	51.229602575302124	1.2224076257380367
23	52.78867530822754	1.2224076257380367
24	53.84474039077759	1.2395077280547677
25	54.92802548408508	1.2395077280547677
26	55.82470941543579	1.2395077280547677
27	56.702149629592896	1.2395077280547677
28	57.59981369972229	1.2395077280547677
29	58.48323035240173	1.2395077280547677
30	59.35843896865845	1.2395077280547677
31	60.24279475212097	1.2395077280547677
32	61.12592530250549	1.2395077280547677
33	62.000317096710205	1.2395077280547677
34	62.88223099708557	1.2395077280547677
35	63.76570534706116	1.2395077280547677
36	64.6498589515686	1.2395077280547677
37	65.524489402771	1.2395077280547677
38	66.40607261657715	1.2395077280547677
39	67.28937673568726	1.2395077280547677
40	68.17152333259583	1.2395077280547677
41	69.04316568374634	1.2395077280547677
42	69.92298030853271	1.2395077280547677
43	70.80688810348511	1.2395077280547677
44	71.69095873832703	1.2395077280547677
45	72.56596279144287	1.2395077280547677
46	73.45288515090942	1.2395077280547677
47	74.3491382598877	1.2395077280547677
48	75.23542404174805	1.2395077280547677
49	76.12255430221558	1.2395077280547677
50	77.00007939338684	1.2395077280547677
51	77.88250780105591	1.2395077280547677
52	78.76513886451721	1.2395077280547677
53	79.64770889282227	1.2395077280547677
54	80.53123354911804	1.2395077280547677
55	81.41447925567627	1.2395077280547677
56	82.29792785644531	1.2395077280547677
57	83.17298460006714	1.2395077280547677
58	84.05336356163025	1.2395077280547677
59	84.93545770645142	1.2395077280547677
60	85.82052087783813	1.2395077280547677
61	86.70729613304138	1.2395077280547677
62	87.59471559524536	1.2395077280547677
63	88.48303818702698	1.2395077280547677
64	89.36962556838989	1.2395077280547677
65	90.25879263877869	1.2395077280547677
66	91.14518427848816	1.2395077280547677
67	92.0308825969696	1.2395077280547677
68	92.91553449630737	1.2395077280547677
69	93.79885029792786	1.2395077280547677
70	94.68262648582458	1.2395077280547677
71	95.5662682056427	1.2395077280547677
72	96.44853663444519	1.2395077280547677
73	97.33291482925415	1.2395077280547677
74	98.22005438804626	1.2395077280547677
75	99.10711312294006	1.2395077280547677
76	99.99332046508789	1.2395077280547677
77	100.88162875175476	1.2395077280547677
78	101.77434182167053	1.2395077280547677
79	102.66526055335999	1.2395077280547677
80	103.55364322662354	1.2395077280547677
81	104.447420835495	1.2395077280547677
82	105.33392071723938	1.2395077280547677
83	106.2277295589447	1.2395077280547677
84	107.11282515525818	1.2395077280547677
85	108.00620126724243	1.2395077280547677
86	108.90379357337952	1.2395077280547677
87	109.8110682964325	1.2395077280547677
88	110.70281386375427	1.2395077280547677
89	111.60376906394958	1.2395077280547677
90	112.50663900375366	1.2395077280547677
91	113.39890122413635	1.2395077280547677
92	114.30188822746277	1.2395077280547677
93	115.2111644744873	1.2395077280547677
94	116.12939715385437	1.2395077280547677
95	117.05316853523254	1.2395077280547677
96	117.94922471046448	1.2395077280547677
97	118.86964678764343	1.2395077280547677
98	119.78205490112305	1.2395077280547677
99	120.71996879577637	1.2395077280547677
