generation	time	fitness
0	2.975497245788574	0.6442631676148673
1	5.498245477676392	0.8779160080211588
2	6.35175895690918	0.8779160080211588
3	7.189532041549683	0.8779160080211588
4	8.031275749206543	0.8779160080211588
5	8.866719484329224	0.9391577700875182
6	9.721550464630127	0.9391577700875182
7	10.565187931060791	0.9391577700875182
8	11.417964935302734	0.9391577700875182
9	12.26206922531128	1.0018001424442997
10	13.114940404891968	1.057943558570808
11	13.96812391281128	1.057943558570808
12	14.817944288253784	1.057943558570808
13	15.659560918807983	1.057943558570808
14	16.515268564224243	1.057943558570808
15	17.359627723693848	1.057943558570808
16	18.20516276359558	1.057943558570808
17	19.057570219039917	1.057943558570808
18	19.90779209136963	1.057943558570808
19	20.746714115142822	1.057943558570808
20	21.590492248535156	1.057943558570808
21	22.44339656829834	1.057943558570808
22	23.28902792930603	1.057943558570808
23	24.134127378463745	1.057943558570808
24	25.007931232452393	1.057943558570808
25	25.865995168685913	1.0624823433137236
26	26.71617102622986	1.0624823433137236
27	27.572197198867798	1.0639552282420492
28	28.43179440498352	1.0639552282420492
29	29.300880908966064	1.0689467229875298
30	30.186182498931885	1.0689467229875298
31	31.093762397766113	1.0689467229875298
32	32.00272488594055	1.0912675563539713
33	32.86274003982544	1.0912675563539713
34	33.712817907333374	1.0912675563539713
35	34.58506202697754	1.0912675563539713
36	35.445412158966064	1.1155660558937586
37	36.31938147544861	1.1155660558937586
38	37.217408418655396	1.1155660558937586
39	38.105961084365845	1.1155660558937586
40	38.972429275512695	1.1219805080466436
41	39.836023569107056	1.1219805080466436
42	40.68231463432312	1.1362764066190516
43	41.56675434112549	1.1362764066190516
44	42.452675104141235	1.1543230148047159
45	43.3122878074646	1.172337772839414
46	44.17709994316101	1.172337772839414
47	45.06024122238159	1.172337772839414
48	45.91002607345581	1.172337772839414
49	46.7641384601593	1.172337772839414
50	47.62586784362793	1.172337772839414
51	48.50829744338989	1.172337772839414
52	49.36428189277649	1.172337772839414
53	50.24310898780823	1.1882581370692558
54	51.086347341537476	1.201480124029057
55	51.93202996253967	1.201480124029057
56	52.83657646179199	1.201480124029057
57	53.71732711791992	1.201480124029057
58	54.57777714729309	1.217572457433287
59	55.43266439437866	1.217572457433287
60	56.28412389755249	1.217572457433287
61	57.13780212402344	1.217572457433287
62	58.01152586936951	1.2285577787803263
63	58.86115622520447	1.2285577787803263
64	59.72225308418274	1.2285577787803263
65	60.57557487487793	1.2285577787803263
66	61.421879529953	1.2285577787803263
67	62.28058648109436	1.2285577787803263
68	63.125258445739746	1.2285577787803263
69	63.971195459365845	1.2285577787803263
70	64.82862544059753	1.2392041855949993
71	65.67298913002014	1.2392041855949993
72	66.52219915390015	1.2392041855949993
73	67.37741899490356	1.2512281014336777
74	68.22389912605286	1.2512281014336777
75	69.08369565010071	1.2512281014336777
76	69.93019199371338	1.2512281014336777
77	70.77746796607971	1.2512281014336777
78	71.6353988647461	1.2512281014336777
79	72.48108243942261	1.2512281014336777
80	73.34031844139099	1.2512281014336777
81	74.18978691101074	1.2532489931911062
82	75.03784561157227	1.2532489931911062
83	75.8973388671875	1.2532489931911062
84	76.74350476264954	1.2616440977945866
85	77.6037495136261	1.2616440977945866
86	78.4504463672638	1.2616440977945866
87	79.2973153591156	1.2672535148554702
88	80.1566596031189	1.2672535148554702
89	81.00388383865356	1.2672535148554702
90	81.86394333839417	1.2672535148554702
91	82.71183776855469	1.267538991005825
92	83.56249189376831	1.267538991005825
93	84.42048859596252	1.267538991005825
94	85.26687932014465	1.267538991005825
95	86.12723851203918	1.267538991005825
96	86.97673678398132	1.267538991005825
97	87.83791518211365	1.267538991005825
98	88.6899402141571	1.267538991005825
99	89.53897881507874	1.267538991005825
