0	0.49883516671066697	0.32402768874290594	0.3200035593461634	0.2213868086448838	0.1108915725590762	0.31894178337371426
1	0.46548365483250564	0.3157807830610796	0.23362157385116022	0.16250598375276484	0.09715653434116348	0.18314226848077259
2	0.5606173277601326	0.4515691677585477	0.34545975038138077	0.16887354792306844	0.11064405013160347	0.18862971681962415
3	0.37154821087672774	0.29745240447286575	0.23980331954538464	0.021604208062784784	0.010210540526046412	0.1661846263566687
4	0.6006439622672478	0.44592233545205173	0.27400422150822107	0.18571000269292032	0.005344564595468794	0.24999969368676922
5	0.36619234238436893	0.059758379545358696	0.04602322364543388	0.00207879223507647	0.0009359489864898235	0.09669423630017077
6	0.267209465901832	0.25951488504812475	0.2386034512447187	0.17374362522692746	0.05965839981105169	0.2624905501589222
7	0.3342822559121175	0.3104361054531674	0.3075216504254717	0.30441488488755836	0.19338421507742276	0.30734203074383926
8	0.37449920579591284	0.29723162041735024	0.27063111504200144	0.24134846001479066	0.13584295468308757	0.36501154207232966
9	0.4092141306699875	0.40735716786336756	0.15126583850785663	0.1322042848874214	0.039913784006071366	0.3948826607371335
