0	0.35925737339343833	0.3387875097546862	0.33832430029541366	0.23485756586330403	0.14777056960980192	0.3363647721832083
1	0.3288752031711218	0.31151253884321095	0.287350218738321	0.16661980076738564	0.11694891449033966	0.17823577595679413
2	0.5069778852943543	0.4323495070821472	0.37405006112472144	0.17720421577063414	0.04000671976378998	0.19680581843204498
3	0.4616283220430775	0.3513291243700533	0.11016643635586815	0.05900000479980067	0.007803207389749228	0.1530788428816117
4	0.6255948555968605	0.4336514987208919	0.17175903273330667	0.12504363572226815	0.010299144916929945	0.24133002454965582
5	0.36981331813409646	0.03860344895519632	0.03680248813473027	0.0017325346931584336	0.0	0.09734629002998155
6	0.30600340721006253	0.2736733752742276	0.22622345194004104	0.20315567172779164	0.0	0.27097355717921745
7	0.6035023370978625	0.3383618557444518	0.3097587342020191	0.3087226812894892	0.2964216605085094	0.3144016942660057
8	0.3869988054420887	0.35920042851553163	0.20603561495509234	0.1686176447506475	0.15106669511389959	0.3752383819028072
9	0.41231952085410833	0.33606726263127407	0.11095748939825156	0.10823511134846822	0.034988004788220006	0.39840499797309303
