0	0.4995541396023587	0.3481990120059293	0.32402768874290594	0.31704807156745957	0.27785855960613876	0.32736435214201853
1	0.44591020622941985	0.33751374203641604	0.3011585668456527	0.1720076406342937	0.16176088409319433	0.18062445267251834
2	0.4827510330634042	0.3781877754563882	0.29284832820920836	0.2842698512454339	0.14814606025141153	0.17256039575410176
3	0.4350634250189588	0.37873343018947686	0.18705156615354704	0.08717367077592732	0.0078091568525956384	0.17123465534146481
4	0.4746078797977307	0.44592233545205173	0.3902780982030367	0.29479182971180795	0.005344564595468794	0.2509557990539998
5	0.36619234238436893	0.06842977385499256	0.01967322171280291	0.008065309514883554	0.0007060689192592058	0.09654248539209705
6	0.26405844368784764	0.261711798918048	0.2311202055599941	0.18418949410070878	0.17267830170898826	0.26100606950110283
7	0.4616624694717031	0.35627855217694704	0.31761107418729334	0.2956530801439851	0.13153568484142217	0.292501493033374
8	0.37967837784199854	0.2836192480556585	0.22483317480615544	0.1938106654086392	0.0971251263855494	0.36774416342023397
9	0.4116549935260569	0.3148418852536563	0.12611691490719082	0.11590315828473902	0.0426168949127964	0.3916075219731701
