0	0.42355133600174844	0.36425920988393745	0.3279460210651268	0.2824809403856635	0.2640401799024766	0.32654771878422356
1	0.41618962827458855	0.3380039291929235	0.26669945697174674	0.17521693099027663	0.16343240128361533	0.17474969309477456
2	0.48220856155436725	0.3537483258469856	0.290308400169462	0.15658162723735777	0.14814606025141153	0.17324969780663815
3	0.3197629800256969	0.30175544257108544	0.13761240510037948	0.10072226854901793	0.007692660084013279	0.13615914327114656
4	0.5993799131611834	0.436639121343853	0.29957312525909063	0.28303779714241467	0.0163471017820033	0.2464135581811373
5	0.37065949091729744	0.11078409056389242	0.004691776030089853	0.0018545405028612852	0.0004830342074632157	0.09690936379389781
6	0.2799373152846102	0.27023594603892	0.22937906763185684	0.1560672380454947	0.019031930826566425	0.26641165656915566
7	0.3877130511740359	0.2965663161571672	0.2525787359131428	0.18910966102545798	0.12496695207196958	0.2921797683843867
8	0.3780873643456914	0.2815329003682274	0.18145033922422746	0.17760540744068273	0.17531456172890614	0.3623841189209728
9	0.4148276817292076	0.3476483410638371	0.13802969865623635	0.1015800599166595	0.09290495850795577	0.40132146098737087
