0	0.42574859480007987	0.33339649224138823	0.28620728003016	0.28366004903714487	0.1932121803329988	0.33330221562564355
1	0.34576110455147974	0.31151253884321095	0.2828090458298131	0.21905815855526967	0.16680526996327064	0.17858070303100085
2	0.5112006781684559	0.5045381399046174	0.17608037806168642	0.1584749794459653	0.13866361860113535	0.19437385585904576
3	0.501267425623132	0.3750167085861959	0.15151735598864713	0.00871289017162807	-3.2338530725702194e-15	0.16903322804624016
4	0.5309467066855367	0.5081169458769459	0.4515803856230736	0.28303779714241467	0.004898272615849081	0.2548766753893766
5	0.36276334957582695	0.05073922158536892	0.04790374374037141	0.004895878600071978	0.0005644089506920459	0.09506953504418421
6	0.30954356832282864	0.2606063838942622	0.24098757172164473	0.18418949410070878	0.14615304208882915	0.25628099941865673
7	0.38129056527246874	0.29618889035297113	0.2164806127842756	0.15796742425778962	0.13582002633771287	0.2893518518106672
8	0.35433257828075654	0.30619793147923335	0.27063111504200144	0.2342092540677984	0.10381167501946986	0.33549611620127756
9	0.4114711415911785	0.3994236139665408	0.1307112417520164	0.07963308832066084	0.045787022426953684	0.39684387610645044
