0	0.45099733053135443	0.3352338540477684	0.2859533038459681	0.28132579351348075	0.27785855960613876	0.33599185007661053
1	0.4869070156463132	0.33751374203641604	0.21835067289888313	0.18678865921359217	0.16333347849600036	0.18056359269321337
2	0.5904670450962164	0.5327038054950605	0.1612599923956845	0.15669447253316773	0.023500621422269958	0.1748453737082445
3	0.45493856979189123	0.3508131155114894	0.10045589287978722	0.046345499914790075	0.008858347507896103	0.1519782389782486
4	0.5627139754245777	0.44752088899119447	0.2951115211147552	0.28015965252950625	0.0	0.2513200008704811
5	0.3638563075808024	0.087927309234147	0.022902009089540386	0.001579094233395541	0.0007060689192592058	0.09491283055855494
6	0.29869186166683215	0.2611196160395858	0.25141699592470707	0.24473768295097986	0.18799902969074925	0.26002674900813005
7	0.48450890432237964	0.2976739321407488	0.21711070152669426	0.16961778084320814	0.12932213803819395	0.29277146684041416
8	0.40062272656421055	0.3928495109300419	0.2749446744232822	0.2109171438645675	0.15357865674390536	0.3872122472790877
9	0.44297295074231946	0.40669816287537536	0.17195365854127462	0.11430298279733217	0.028363995547306793	0.38956280663592857
