0	0.43915932935192364	0.33685856373655443	0.31619095531969754	0.3156174404374676	0.19226852876227007	0.33766125575558253
1	0.49164705651734203	0.31308074207874065	0.25116910669165937	0.24201393966610163	0.16680526996327064	0.18349292814624366
2	0.6010435908498989	0.5050691261054544	0.4290814000003627	0.16813042807491307	0.030388753137631768	0.18158582728052317
3	0.3640732204224253	0.33567006629165913	0.1833937289936548	0.04564208715301124	0.008353961681464421	0.16037606389554168
4	0.6532171583390055	0.4484959124203612	0.2513374690570835	0.11967401863583067	0.0	0.25056808591473156
5	0.3738728889479441	0.07232557669603092	0.03478832260139441	0.0015344412347634395	0.00040085893071440683	0.09815281385751551
6	0.3002250175252092	0.27483044155222863	0.2642706819594812	0.16014024524373002	0.10774843135311502	0.2613992822983653
7	0.3582506032291414	0.3518533901030505	0.334229111615954	0.2956530801439851	0.029906977678705676	0.29733721083524756
8	0.3740201625998525	0.2836192480556585	0.2283487743168062	0.12729951280171506	0.10094119497830302	0.35412336518601134
9	0.41557080420931175	0.31087101101720566	0.14419794539408126	0.13251267068731992	0.040178067697546165	0.4032163522592066
