0	0.48802378189565926	0.3264737321313875	0.24500107581916228	0.23184812849623668	0.20677948195946977	0.32224787338002187
1	0.48680181374305187	0.38681023914117374	0.24040228241187026	0.20124800327535133	0.16680526996327064	0.1857712886296499
2	0.3982292693356342	0.3137249543888719	0.2229313753548374	0.14814606025141153	0.1466539508703342	0.16584032802233337
3	0.34714927004248974	0.29618230125422645	0.23909836814417232	0.11732032271400512	0.008165679059239867	0.15199938059924126
4	0.44689856514646326	0.4329235837673974	0.36887528936355773	0.23667399799384606	0.00667054616042248	0.2501341444317373
5	0.3781441879533293	0.06299662984112836	0.0537124819529245	0.002446725222765841	0.00043127311841168256	0.10081604111266201
6	0.26655693281648846	0.2620059804164029	0.23957842570377083	0.2252226478235767	0.20035493759757458	0.2642352901316602
7	0.3342822559121175	0.3108106351090845	0.3060752589658281	0.2983101401607966	0.06476945639149427	0.3056470750158497
8	0.37139278427158867	0.27510599585728707	0.18075014637969478	0.16594257617792962	0.12211916307542398	0.3543875734262579
9	0.45595124895425326	0.4121913399075999	0.13069376494460958	0.1298993325691754	0.03864075211761384	0.40044183622804597
