0	0.3461396633410628	0.33846277128748137	0.3109724036991908	0.2859533038459681	0.27785855960613876	0.3369608947070484
1	0.4718624230301818	0.29094927135416987	0.24864273207319346	0.16680526996327064	0.11288970779333343	0.18401551167987235
2	0.5457795938959388	0.46506978229147405	0.22993621794402946	0.15757727767079427	0.03350434709825861	0.1783295957440825
3	0.3750167085861959	0.25731043662259406	0.1862300700739401	0.12601853308416303	0.007692660084013279	0.16923894373434556
4	0.6545630946645712	0.44939881142672666	0.28522173443069987	0.12504363572226815	0.0026665237726709807	0.2525915559883889
5	0.36416287968343763	0.08661022360210953	0.026882293401946162	0.005161424710530307	0.0009042656685050186	0.09392031697460174
6	0.2969052975277268	0.26841027154445724	0.24904721556934484	0.1838413862665013	0.1008775346141731	0.265112547927076
7	0.3787505299569834	0.3383618557444518	0.28925420224422865	0.2730576318293581	0.1884556103774555	0.28690179395770965
8	0.3785886449012401	0.24531871288679538	0.16727182137660448	0.16362223927473285	0.08556709127014646	0.36102292160103727
9	0.44297295074231946	0.4159565281115909	0.12683574043355417	0.05407533729577293	0.03614619281348801	0.4081211906818453
