0	0.44859304079921625	0.3441183290715379	0.32402768874290594	0.30853182083415537	0.28157056725012386	0.32468793825041725
1	0.40153728404871986	0.39924058375948923	0.2291721236923054	0.1676934881083765	0.16250598375276484	0.17493224087314965
2	0.48282674659866254	0.34663396059367013	0.34453161175498664	0.28077983225177305	0.14814606025141153	0.17232108563701834
3	0.4973626045726763	0.34714927004248974	0.11626812219022185	0.07836227064663903	0.014564598696640726	0.15467159828088403
4	0.579065077480526	0.44882560084914636	0.28080932862856944	0.24226005990125563	0.00617669900162216	0.2530172512294453
5	0.3737011917485938	0.06400792554088146	0.03354571081237611	0.0032157517485828526	0.00040085893071440683	0.09802633312736465
6	0.2967864193514428	0.25181064280275034	0.23429035101280202	0.2262532490996658	0.09711085975111045	0.2250633576190016
7	0.4239693285388311	0.3776147723673941	0.3393550034342829	0.3089254735178965	0.22889488661615898	0.311291984830052
8	0.3853526970909478	0.23858086360255368	0.19753359507889218	0.15550350614210667	0.0971251263855494	0.37008835789942335
9	0.3986348898672236	0.3068173333003983	0.13456031322338355	0.10544703101325012	0.07969035216606717	0.3806071368304739
