generation	time	fitness
0	3.1027514934539795	0.6510658779991592
1	7.820250511169434	0.8841395981717244
2	10.777573823928833	0.9438160835091367
3	13.732045888900757	1.0573191360209524
4	16.741175889968872	1.0768349078913342
5	19.566080331802368	1.1315723375703353
6	22.414574146270752	1.1716775982687286
7	25.241827726364136	1.1722940829081154
8	27.852928638458252	1.2263776257607946
9	30.494243383407593	1.2263776257607946
10	32.88656449317932	1.2263776257607946
11	35.264277935028076	1.2366595917156413
12	37.603808879852295	1.2366595917156413
13	39.71533727645874	1.2366595917156413
14	41.65992450714111	1.2366595917156413
15	43.55143857002258	1.2366595917156413
16	45.42835545539856	1.2366595917156413
17	47.37603545188904	1.2366595917156413
18	49.39240550994873	1.240814740107002
19	51.19691276550293	1.2426522526901427
20	52.79138374328613	1.2426522526901427
21	54.404536724090576	1.2426522526901427
22	55.7186017036438	1.2426522526901427
23	56.96284461021423	1.2426522526901427
24	58.07570219039917	1.2426522526901427
25	58.980945348739624	1.2426522526901427
26	59.87653112411499	1.2426522526901427
27	60.761109590530396	1.2426522526901427
28	61.63916230201721	1.2426522526901427
29	62.517812967300415	1.2426522526901427
30	63.40054249763489	1.2426522526901427
31	64.28418374061584	1.2426522526901427
32	65.16370892524719	1.2426522526901427
33	66.04368543624878	1.2426522526901427
34	66.92688584327698	1.2426522526901427
35	67.81927728652954	1.2426522526901427
36	68.69717192649841	1.2426522526901427
37	69.5755066871643	1.2426522526901427
38	70.45212817192078	1.2426522526901427
39	71.32898783683777	1.2426522526901427
40	72.20446062088013	1.2426522526901427
41	73.08017802238464	1.2426522526901427
42	73.95766925811768	1.2426522526901427
43	74.83719062805176	1.2426522526901427
44	75.71605062484741	1.2426522526901427
45	76.59763503074646	1.2426522526901427
46	77.47880291938782	1.2426522526901427
47	78.35843634605408	1.2426522526901427
48	79.23990821838379	1.2426522526901427
49	80.12309718132019	1.2426522526901427
50	81.00333523750305	1.2426522526901427
51	81.88432478904724	1.2426522526901427
52	82.7630672454834	1.2426522526901427
53	83.64027833938599	1.2426522526901427
54	84.51943564414978	1.2426522526901427
55	85.39775848388672	1.2426522526901427
56	86.27716374397278	1.2426522526901427
57	87.15572428703308	1.2426522526901427
58	88.03597474098206	1.2426522526901427
59	88.91737842559814	1.2426522526901427
60	89.79978322982788	1.2426522526901427
61	90.68125820159912	1.2426522526901427
62	91.5641610622406	1.2426522526901427
63	92.44766783714294	1.2426522526901427
64	93.33181262016296	1.2426522526901427
65	94.21504759788513	1.2426522526901427
66	95.0956642627716	1.2426522526901427
67	95.97757315635681	1.2426522526901427
68	96.86575651168823	1.2426522526901427
69	97.7436294555664	1.2426522526901427
70	98.62860488891602	1.2426522526901427
71	99.50848746299744	1.2426522526901427
72	100.3901014328003	1.2426522526901427
73	101.2724175453186	1.2426522526901427
74	102.15429067611694	1.2426522526901427
75	103.03704261779785	1.2426522526901427
76	103.91985726356506	1.2426522526901427
77	104.80596423149109	1.2426522526901427
78	105.69688963890076	1.2426522526901427
79	106.58286261558533	1.2426522526901427
80	107.46742939949036	1.2426522526901427
81	108.35273671150208	1.2426522526901427
82	109.2388243675232	1.2426522526901427
83	110.12057781219482	1.2426522526901427
84	111.0000331401825	1.2426522526901427
85	111.87893581390381	1.2426522526901427
86	112.7592179775238	1.2426522526901427
87	113.64134478569031	1.2426522526901427
88	114.52432036399841	1.2426522526901427
89	115.41099452972412	1.2426522526901427
90	116.2962007522583	1.2426522526901427
91	117.18032383918762	1.2426522526901427
92	118.07058644294739	1.2426522526901427
93	118.95448231697083	1.2426522526901427
94	119.8390543460846	1.2426522526901427
95	120.72346901893616	1.2426522526901427
96	121.60848927497864	1.2426522526901427
97	122.4960389137268	1.2426522526901427
98	123.38083338737488	1.2426522526901427
99	124.26444435119629	1.2426522526901427
