generation	time	fitness
0	3.0631890296936035	0.549455595180378
1	7.740018606185913	0.9156864656053849
2	10.733777523040771	0.9684931729566961
3	13.677807569503784	1.0466798219508866
4	16.43691372871399	1.1454052785451914
5	19.274982929229736	1.1454052785451914
6	21.873665809631348	1.1454052785451914
7	24.366639614105225	1.1657473265441793
8	26.572344303131104	1.2047340767128887
9	28.594244241714478	1.2047340767128887
10	30.337462663650513	1.2241219472655382
11	31.80084776878357	1.2241219472655382
12	33.18471384048462	1.2241219472655382
13	34.509761810302734	1.2241219472655382
14	35.62950611114502	1.2241219472655382
15	36.66308379173279	1.2241219472655382
16	37.54954266548157	1.2241219472655382
17	38.42151880264282	1.2241219472655382
18	39.29247832298279	1.2241219472655382
19	40.16704559326172	1.2241219472655382
20	41.03951096534729	1.2241219472655382
21	41.91304802894592	1.2241219472655382
22	42.78725242614746	1.2241219472655382
23	43.66130781173706	1.2241219472655382
24	44.5365834236145	1.2241219472655382
25	45.41043710708618	1.2241219472655382
26	46.28464722633362	1.2241219472655382
27	47.158771991729736	1.2241219472655382
28	48.033262491226196	1.2241219472655382
29	48.907524824142456	1.2241219472655382
30	49.78046751022339	1.2241219472655382
31	50.65285396575928	1.2241219472655382
32	51.52460980415344	1.2241219472655382
33	52.39700150489807	1.2241219472655382
34	53.27099013328552	1.2241219472655382
35	54.14695477485657	1.2241219472655382
36	55.024375677108765	1.2241219472655382
37	55.89880394935608	1.2241219472655382
38	56.77359437942505	1.2241219472655382
39	57.64960741996765	1.2241219472655382
40	58.52333903312683	1.2241219472655382
41	59.3985915184021	1.2241219472655382
42	60.278966665267944	1.2241219472655382
43	61.155916690826416	1.2241219472655382
44	62.02948880195618	1.2241219472655382
45	62.90312457084656	1.2241219472655382
46	63.777021408081055	1.2241219472655382
47	64.64886903762817	1.2241219472655382
48	65.52348017692566	1.2241219472655382
49	66.3977255821228	1.2241219472655382
50	67.27335596084595	1.2241219472655382
51	68.14911818504333	1.2241219472655382
52	69.02567148208618	1.2241219472655382
53	69.90329575538635	1.2241219472655382
54	70.78025817871094	1.2241219472655382
55	71.65529108047485	1.2241219472655382
56	72.5315990447998	1.2241219472655382
57	73.40766096115112	1.2241219472655382
58	74.28358364105225	1.2241219472655382
59	75.15789580345154	1.2241219472655382
60	76.03211450576782	1.2241219472655382
61	76.90614223480225	1.2241219472655382
62	77.7829430103302	1.2241219472655382
63	78.66200804710388	1.2241219472655382
64	79.5375599861145	1.2241219472655382
65	80.41816091537476	1.2241219472655382
66	81.30803370475769	1.2241219472655382
67	82.19861793518066	1.2241219472655382
68	83.09232783317566	1.2241219472655382
69	83.98504686355591	1.2241219472655382
70	84.87781643867493	1.2241219472655382
71	85.77674603462219	1.2241219472655382
72	86.66779780387878	1.2241219472655382
73	87.5648410320282	1.2241219472655382
74	88.45278716087341	1.2241219472655382
75	89.34322094917297	1.2241219472655382
76	90.23497319221497	1.2241219472655382
77	91.12782454490662	1.2241219472655382
78	92.01231026649475	1.2241219472655382
79	92.90860867500305	1.2241219472655382
80	93.79858922958374	1.2241219472655382
81	94.75014305114746	1.2241219472655382
82	95.68218851089478	1.2241219472655382
83	96.58722162246704	1.2241219472655382
84	97.47498226165771	1.2241219472655382
85	98.355881690979	1.2241219472655382
86	99.23820924758911	1.2241219472655382
87	100.1224992275238	1.2241219472655382
88	101.00205874443054	1.2241219472655382
89	101.87972092628479	1.2241219472655382
90	102.75668096542358	1.2241219472655382
91	103.63297629356384	1.2241219472655382
92	104.51242589950562	1.2241219472655382
93	105.39257454872131	1.2241219472655382
94	106.27309107780457	1.2241219472655382
95	107.15319609642029	1.2241219472655382
96	108.03354716300964	1.2241219472655382
97	108.92236495018005	1.2241219472655382
98	109.80727005004883	1.2241219472655382
99	110.68854260444641	1.2241219472655382
