generation	time	fitness
0	3.1167750358581543	0.5467853575515318
1	7.789948463439941	0.8740551504541842
2	10.728294610977173	1.01965266696412
3	13.721158981323242	1.089388964728093
4	16.542802333831787	1.1499859094911795
5	19.25953722000122	1.190184756736849
6	21.80726146697998	1.190184756736849
7	24.33603262901306	1.1923653038083692
8	26.66437029838562	1.2138496707836812
9	28.85042667388916	1.2138496707836812
10	30.813353300094604	1.2138496707836812
11	32.74637246131897	1.2244513789998162
12	34.58458232879639	1.2244513789998162
13	36.36439824104309	1.254339613222207
14	38.29407572746277	1.254339613222207
15	40.08686876296997	1.254339613222207
16	41.78663349151611	1.2723822418199577
17	43.424408197402954	1.2723822418199577
18	44.70132493972778	1.2723822418199577
19	45.900757789611816	1.2823651389533037
20	47.11932444572449	1.2823651389533037
21	48.33183765411377	1.2823651389533037
22	49.73188591003418	1.2823651389533037
23	51.01442742347717	1.2823651389533037
24	51.932637453079224	1.2823651389533037
25	52.827943563461304	1.2823651389533037
26	53.70573377609253	1.2823651389533037
27	54.58238887786865	1.2823651389533037
28	55.45843195915222	1.2823651389533037
29	56.33933138847351	1.2823651389533037
30	57.21973204612732	1.2823651389533037
31	58.1011688709259	1.2823651389533037
32	58.982659578323364	1.2823651389533037
33	59.86146068572998	1.2823651389533037
34	60.74095273017883	1.2823651389533037
35	61.6236629486084	1.2823651389533037
36	62.5049090385437	1.2823651389533037
37	63.38338541984558	1.2823651389533037
38	64.26371026039124	1.2823651389533037
39	65.14419388771057	1.2823651389533037
40	66.02378344535828	1.2823651389533037
41	66.90292978286743	1.2823651389533037
42	67.77900719642639	1.2823651389533037
43	68.6577479839325	1.2823651389533037
44	69.53446316719055	1.2823651389533037
45	70.41553831100464	1.2823651389533037
46	71.29455161094666	1.2823651389533037
47	72.17594647407532	1.2823651389533037
48	73.057382106781	1.2823651389533037
49	73.93842005729675	1.2823651389533037
50	74.822833776474	1.2823651389533037
51	75.70399236679077	1.2823651389533037
52	76.58631896972656	1.2823651389533037
53	77.46524953842163	1.2823651389533037
54	78.34452152252197	1.2823651389533037
55	79.22265982627869	1.2823651389533037
56	80.1042103767395	1.2823651389533037
57	80.98265409469604	1.2823651389533037
58	81.87142610549927	1.2823651389533037
59	82.75355386734009	1.2823651389533037
60	83.63385057449341	1.2823651389533037
61	84.51533913612366	1.2823651389533037
62	85.39725160598755	1.2823651389533037
63	86.27931618690491	1.2823651389533037
64	87.1617329120636	1.2823651389533037
65	88.04476737976074	1.2823651389533037
66	88.92762804031372	1.2823651389533037
67	89.81501173973083	1.2823651389533037
68	90.69646263122559	1.2823651389533037
69	91.58279228210449	1.2823651389533037
70	92.464688539505	1.2823651389533037
71	93.34689855575562	1.2823651389533037
72	94.22745728492737	1.2823651389533037
73	95.11140871047974	1.2823651389533037
74	95.99242877960205	1.2823651389533037
75	96.90208053588867	1.2823651389533037
76	97.79781007766724	1.2823651389533037
77	98.68231177330017	1.2823651389533037
78	99.56474375724792	1.2823651389533037
79	100.45046758651733	1.2823651389533037
80	101.3349142074585	1.2823651389533037
81	102.22041296958923	1.2823651389533037
82	103.10496783256531	1.2823651389533037
83	103.98873090744019	1.2823651389533037
84	104.87460660934448	1.2823651389533037
85	105.75874400138855	1.2823651389533037
86	106.64089393615723	1.2823651389533037
87	107.5209732055664	1.2823651389533037
88	108.40233564376831	1.2823651389533037
89	109.28407120704651	1.2823651389533037
90	110.16729092597961	1.2823651389533037
91	111.04988503456116	1.2823651389533037
92	111.9404411315918	1.2823651389533037
93	112.82587313652039	1.2823651389533037
94	113.7111005783081	1.2823651389533037
95	114.59785628318787	1.2823651389533037
96	115.48400950431824	1.2823651389533037
97	116.36935925483704	1.2823651389533037
98	117.25781774520874	1.2823651389533037
99	118.14149045944214	1.2823651389533037
