generation	time	fitness
0	3.09450626373291	0.5450750557769706
1	7.75670862197876	0.8783265543112735
2	10.685830354690552	1.0112573370955102
3	13.569565057754517	1.0970689664499238
4	16.3902108669281	1.1188433527871493
5	19.211330890655518	1.1492593924194225
6	21.930954456329346	1.1979798082911333
7	24.539159774780273	1.1979798082911333
8	26.83149528503418	1.1979798082911333
9	28.991236925125122	1.1979798082911333
10	30.774147033691406	1.1979798082911333
11	32.17901921272278	1.1979798082911333
12	33.28525400161743	1.1979798082911333
13	34.15579962730408	1.1979798082911333
14	35.0275821685791	1.1979798082911333
15	35.88707256317139	1.1979798082911333
16	36.76025462150574	1.1979798082911333
17	37.635940074920654	1.1979798082911333
18	38.50997877120972	1.1979798082911333
19	39.38451313972473	1.1979798082911333
20	40.25591444969177	1.1979798082911333
21	41.12729096412659	1.1979798082911333
22	41.99816179275513	1.1979798082911333
23	42.87134599685669	1.1979798082911333
24	43.74426198005676	1.1979798082911333
25	44.61894226074219	1.1979798082911333
26	45.4949836730957	1.1979798082911333
27	46.36874604225159	1.1979798082911333
28	47.24651288986206	1.1979798082911333
29	48.12325406074524	1.1979798082911333
30	48.99816155433655	1.1979798082911333
31	49.870325326919556	1.1979798082911333
32	50.743874311447144	1.1979798082911333
33	51.617063999176025	1.1979798082911333
34	52.491870403289795	1.1979798082911333
35	53.36652088165283	1.1979798082911333
36	54.24453043937683	1.1979798082911333
37	55.12179207801819	1.1979798082911333
38	55.99648642539978	1.1979798082911333
39	56.87260389328003	1.1979798082911333
40	57.75053358078003	1.1979798082911333
41	58.62698268890381	1.1979798082911333
42	59.50379252433777	1.1979798082911333
43	60.381266832351685	1.1979798082911333
44	61.257030963897705	1.1979798082911333
45	62.133036613464355	1.1979798082911333
46	63.00939607620239	1.1979798082911333
47	63.884169816970825	1.1979798082911333
48	64.75962090492249	1.1979798082911333
49	65.6345567703247	1.1979798082911333
50	66.51041007041931	1.1979798082911333
51	67.38918876647949	1.1979798082911333
52	68.26676845550537	1.1979798082911333
53	69.14430522918701	1.1979798082911333
54	70.02093386650085	1.1979798082911333
55	70.89813280105591	1.1979798082911333
56	71.77754211425781	1.1979798082911333
57	72.65597939491272	1.1979798082911333
58	73.53370118141174	1.1979798082911333
59	74.41219735145569	1.1979798082911333
60	75.28863191604614	1.1979798082911333
61	76.16420865058899	1.1979798082911333
62	77.0427143573761	1.1979798082911333
63	77.92065620422363	1.1979798082911333
64	78.79992032051086	1.1979798082911333
65	79.67908501625061	1.1979798082911333
66	80.55923438072205	1.1979798082911333
67	81.43842077255249	1.1979798082911333
68	82.31900835037231	1.1979798082911333
69	83.19935703277588	1.1979798082911333
70	84.08038663864136	1.1979798082911333
71	84.96017384529114	1.1979798082911333
72	85.84282064437866	1.1979798082911333
73	86.72906136512756	1.1979798082911333
74	87.6100423336029	1.1979798082911333
75	88.49314284324646	1.1979798082911333
76	89.37317180633545	1.1979798082911333
77	90.25468635559082	1.1979798082911333
78	91.13899993896484	1.1979798082911333
79	92.01745367050171	1.1979798082911333
80	92.89937472343445	1.1979798082911333
81	93.78045296669006	1.1979798082911333
82	94.66351532936096	1.1979798082911333
83	95.54522395133972	1.1979798082911333
84	96.42633128166199	1.1979798082911333
85	97.3112325668335	1.1979798082911333
86	98.19395017623901	1.1979798082911333
87	99.07576775550842	1.1979798082911333
88	99.95562267303467	1.1979798082911333
89	100.83798885345459	1.1979798082911333
90	101.71992635726929	1.1979798082911333
91	102.59982442855835	1.1979798082911333
92	103.47913908958435	1.1979798082911333
93	104.36029648780823	1.1979798082911333
94	105.23988366127014	1.1979798082911333
95	106.12159013748169	1.1979798082911333
96	107.00451135635376	1.1979798082911333
97	107.89162421226501	1.1979798082911333
98	108.77613282203674	1.1979798082911333
99	109.65860414505005	1.1979798082911333
