generation	time	fitness
0	3.0962185859680176	0.7831444591857075
1	7.7925145626068115	0.9182484174583054
2	10.76524806022644	0.9677499222514081
3	13.63612985610962	1.083643070223341
4	16.46650457382202	1.0864156879206726
5	19.34940767288208	1.0864156879206726
6	21.969772577285767	1.128074311721121
7	24.6848087310791	1.1810448612812565
8	27.004257440567017	1.1810448612812565
9	29.21322536468506	1.1810448612812565
10	31.24666428565979	1.1810448612812565
11	33.28353190422058	1.1810448612812565
12	35.20215201377869	1.1810448612812565
13	37.03811836242676	1.1810448612812565
14	38.49035596847534	1.1810448612812565
15	40.12290382385254	1.1810448612812565
16	42.00145101547241	1.1810448612812565
17	43.692235469818115	1.1810448612812565
18	45.02323651313782	1.1810448612812565
19	46.53336763381958	1.1810448612812565
20	47.981419801712036	1.1810448612812565
21	49.17382478713989	1.1810448612812565
22	50.083399295806885	1.1810448612812565
23	50.96343016624451	1.1810448612812565
24	51.84240412712097	1.1810448612812565
25	52.72258925437927	1.1810448612812565
26	53.60261845588684	1.1810448612812565
27	54.479825019836426	1.1810448612812565
28	55.354819536209106	1.1810448612812565
29	56.230669260025024	1.1810448612812565
30	57.10970091819763	1.1810448612812565
31	57.98985004425049	1.1810448612812565
32	58.870075702667236	1.1810448612812565
33	59.75787115097046	1.1810448612812565
34	60.64010572433472	1.1810448612812565
35	61.522820472717285	1.1810448612812565
36	62.40483617782593	1.1810448612812565
37	63.28836703300476	1.1810448612812565
38	64.17365455627441	1.1810448612812565
39	65.0545563697815	1.1810448612812565
40	65.9340398311615	1.1810448612812565
41	66.81500744819641	1.1810448612812565
42	67.692866563797	1.1810448612812565
43	68.57015085220337	1.1810448612812565
44	69.44778370857239	1.1810448612812565
45	70.32592630386353	1.1810448612812565
46	71.20528674125671	1.1810448612812565
47	72.08630704879761	1.1810448612812565
48	72.96771717071533	1.1810448612812565
49	73.8511152267456	1.1810448612812565
50	74.73368811607361	1.1810448612812565
51	75.62019515037537	1.1810448612812565
52	76.50395894050598	1.1810448612812565
53	77.3894031047821	1.1810448612812565
54	78.27507901191711	1.1810448612812565
55	79.15573620796204	1.1810448612812565
56	80.03450298309326	1.1810448612812565
57	80.91585898399353	1.1810448612812565
58	81.79457068443298	1.1810448612812565
59	82.67638230323792	1.1810448612812565
60	83.56111240386963	1.1810448612812565
61	84.44359254837036	1.1810448612812565
62	85.32726240158081	1.1810448612812565
63	86.2124240398407	1.1810448612812565
64	87.09808397293091	1.1810448612812565
65	87.9818766117096	1.1810448612812565
66	88.86624240875244	1.1810448612812565
67	89.75515604019165	1.1810448612812565
68	90.64003300666809	1.1810448612812565
69	91.52522540092468	1.1810448612812565
70	92.41056537628174	1.1810448612812565
71	93.29527044296265	1.1810448612812565
72	94.17535972595215	1.1810448612812565
73	95.05817151069641	1.1810448612812565
74	95.93907809257507	1.1810448612812565
75	96.82269549369812	1.1810448612812565
76	97.7062292098999	1.1810448612812565
77	98.59009504318237	1.1810448612812565
78	99.4748466014862	1.1810448612812565
79	100.36045598983765	1.1810448612812565
80	101.248042345047	1.1810448612812565
81	102.13428902626038	1.1810448612812565
82	103.0225887298584	1.1810448612812565
83	103.91033482551575	1.1810448612812565
84	104.80213642120361	1.1810448612812565
85	105.69136333465576	1.1810448612812565
86	106.58264112472534	1.1810448612812565
87	107.46503949165344	1.1810448612812565
88	108.34614610671997	1.1810448612812565
89	109.23528718948364	1.1810448612812565
90	110.12097215652466	1.1810448612812565
91	111.00822758674622	1.1810448612812565
92	111.89145803451538	1.1810448612812565
93	112.77789378166199	1.1810448612812565
94	113.66343760490417	1.1810448612812565
95	114.54899621009827	1.1810448612812565
96	115.43595886230469	1.1810448612812565
97	116.32233381271362	1.1810448612812565
98	117.2089433670044	1.1810448612812565
99	118.09735989570618	1.1810448612812565
