0	3.09943	3.09258	3.10628	0.597953	0.559906	0.635999
1	7.77222	7.76229	7.78215	0.911096	0.89961	0.922583
2	10.7372	10.7222	10.7522	0.991399	0.982076	1.00072
3	13.6937	13.6654	13.722	1.07514	1.06795	1.08233
4	16.5764	16.5294	16.6234	1.11699	1.10734	1.12665
5	19.4034	19.3521	19.4547	1.1439	1.13405	1.15374
6	22.1163	22.0371	22.1956	1.16896	1.162	1.17592
7	24.7717	24.6566	24.8868	1.18405	1.18057	1.18754
8	27.2316	27.0549	27.4082	1.20311	1.19873	1.20748
9	29.609	29.3561	29.8619	1.20643	1.20151	1.21134
10	31.8368	31.4754	32.1982	1.21523	1.20874	1.22172
11	33.9425	33.4491	34.4358	1.21732	1.21048	1.22416
12	35.895	35.2601	36.5299	1.22079	1.21386	1.22772
13	37.6856	36.9185	38.4528	1.22453	1.21656	1.23251
14	39.3345	38.4523	40.2167	1.22696	1.21801	1.2359
15	40.9821	39.9832	41.9809	1.22834	1.21946	1.23722
16	42.611	41.5011	43.7209	1.23066	1.22088	1.24043
17	44.2168	42.9896	45.444	1.23168	1.22156	1.2418
18	45.7092	44.3709	47.0476	1.2321	1.22194	1.24225
19	47.1184	45.6856	48.5512	1.23328	1.22257	1.24398
20	48.4228	46.921	49.9245	1.23328	1.22257	1.24398
21	49.5869	48.0361	51.1377	1.23328	1.22257	1.24398
22	50.6743	49.0871	52.2615	1.23328	1.22257	1.24398
23	51.7074	50.0897	53.3251	1.23328	1.22257	1.24398
24	52.6996	51.0482	54.351	1.23328	1.22257	1.24398
25	53.6515	51.9763	55.3267	1.23328	1.22257	1.24398
26	54.6061	52.9026	56.3095	1.23328	1.22257	1.24398
27	55.5494	53.819	57.2799	1.23328	1.22257	1.24398
28	56.4931	54.7333	58.253	1.23328	1.22257	1.24398
29	57.4443	55.6497	59.2388	1.23328	1.22257	1.24398
30	58.4114	56.571	60.2517	1.23328	1.22257	1.24398
31	59.3727	57.4862	61.2592	1.23328	1.22257	1.24398
32	60.3188	58.3922	62.2455	1.23357	1.2229	1.24423
33	61.239	59.2876	63.1904	1.23357	1.2229	1.24423
34	62.176	60.1888	64.1632	1.23357	1.2229	1.24423
35	63.0823	61.0783	65.0863	1.23357	1.2229	1.24423
36	63.9835	61.966	66.0011	1.23357	1.2229	1.24423
37	64.9056	62.86	66.9512	1.23357	1.2229	1.24423
38	65.8151	63.7492	67.8809	1.23357	1.2229	1.24423
39	66.7432	64.6436	68.8428	1.23381	1.22317	1.24445
40	67.6649	65.5352	69.7946	1.23381	1.22317	1.24445
41	68.6136	66.4341	70.7931	1.23391	1.22329	1.24454
42	69.5454	67.3274	71.7634	1.23391	1.22329	1.24454
43	70.4676	68.2178	72.7174	1.23391	1.22329	1.24454
44	71.3754	69.1031	73.6477	1.23391	1.22329	1.24454
45	72.2974	69.9926	74.6023	1.23391	1.22329	1.24454
46	73.2239	70.8828	75.565	1.23391	1.22329	1.24454
47	74.1458	71.7718	76.5198	1.23391	1.22329	1.24454
48	75.0423	72.6553	77.4292	1.23391	1.22329	1.24454
49	75.9224	73.5354	78.3094	1.23391	1.22329	1.24454
50	76.8029	74.416	79.1898	1.23391	1.22329	1.24454
51	77.6831	75.2965	80.0697	1.23391	1.22329	1.24454
52	78.5629	76.1767	80.949	1.23391	1.22329	1.24454
53	79.4431	77.0574	81.8289	1.23391	1.22329	1.24454
54	80.3237	77.9379	82.7094	1.23391	1.22329	1.24454
55	81.2045	78.8176	83.5914	1.23391	1.22329	1.24454
56	82.084	79.6974	84.4706	1.23391	1.22329	1.24454
57	82.9633	80.5768	85.3498	1.23391	1.22329	1.24454
58	83.8439	81.4577	86.2302	1.23391	1.22329	1.24454
59	84.7252	82.3387	87.1117	1.23391	1.22329	1.24454
60	85.6058	83.2194	87.9922	1.23391	1.22329	1.24454
61	86.4858	84.0994	88.8722	1.23391	1.22329	1.24454
62	87.3672	84.9811	89.7533	1.23391	1.22329	1.24454
63	88.2478	85.8624	90.6332	1.23391	1.22329	1.24454
64	89.1289	86.744	91.5139	1.23391	1.22329	1.24454
65	90.0107	87.6264	92.395	1.23391	1.22329	1.24454
66	90.8935	88.5102	93.2768	1.23391	1.22329	1.24454
67	91.7781	89.3956	94.1605	1.23391	1.22329	1.24454
68	92.6616	90.2803	95.0429	1.23391	1.22329	1.24454
69	93.5452	91.1652	95.9252	1.23391	1.22329	1.24454
70	94.4285	92.0498	96.8073	1.23391	1.22329	1.24454
71	95.312	92.9342	97.6897	1.23391	1.22329	1.24454
72	96.1945	93.8177	98.5713	1.23391	1.22329	1.24454
73	97.0799	94.7045	99.4553	1.23391	1.22329	1.24454
74	97.9627	95.5879	100.338	1.23391	1.22329	1.24454
75	98.849	96.4755	101.223	1.23391	1.22329	1.24454
76	99.7336	97.3613	102.106	1.23391	1.22329	1.24454
77	100.619	98.2473	102.99	1.23391	1.22329	1.24454
78	101.503	99.1321	103.874	1.23391	1.22329	1.24454
79	102.387	100.018	104.756	1.23391	1.22329	1.24454
80	103.271	100.903	105.639	1.23391	1.22329	1.24454
81	104.162	101.798	106.526	1.23391	1.22329	1.24454
82	105.05	102.69	107.411	1.23391	1.22329	1.24454
83	105.936	103.577	108.295	1.23391	1.22329	1.24454
84	106.82	104.462	109.178	1.23391	1.22329	1.24454
85	107.703	105.346	110.059	1.23391	1.22329	1.24454
86	108.585	106.229	110.941	1.23391	1.22329	1.24454
87	109.466	107.111	111.821	1.23391	1.22329	1.24454
88	110.348	107.993	112.702	1.23391	1.22329	1.24454
89	111.231	108.876	113.585	1.23391	1.22329	1.24454
90	112.113	109.759	114.467	1.23391	1.22329	1.24454
91	112.996	110.642	115.351	1.23391	1.22329	1.24454
92	113.882	111.527	116.236	1.23391	1.22329	1.24454
93	114.765	112.412	117.119	1.23391	1.22329	1.24454
94	115.649	113.295	118.002	1.23391	1.22329	1.24454
95	116.533	114.18	118.886	1.23391	1.22329	1.24454
96	117.417	115.065	119.77	1.23391	1.22329	1.24454
97	118.302	115.952	120.653	1.23391	1.22329	1.24454
98	119.187	116.837	121.537	1.23391	1.22329	1.24454
99	120.071	117.722	122.42	1.23391	1.22329	1.24454
