generation	time	fitness
0	3.0901873111724854	0.6679298645932789
1	7.746061086654663	0.975483878931732
2	10.686419010162354	1.009245119723214
3	13.663028240203857	1.0797761445017904
4	16.61389470100403	1.0842183009565145
5	19.55348014831543	1.1392717058548538
6	22.393752098083496	1.179093559721767
7	25.199829578399658	1.1853542333262612
8	27.86273193359375	1.1880531893976032
9	30.4308021068573	1.203161364870166
10	32.9812171459198	1.2331445948402022
11	35.33291578292847	1.2331445948402022
12	37.58504605293274	1.2343631065083047
13	39.93183088302612	1.239173193290108
14	42.129337787628174	1.239173193290108
15	44.321224212646484	1.239173193290108
16	46.46990418434143	1.244326505795051
17	48.465442180633545	1.244326505795051
18	50.17306733131409	1.244326505795051
19	51.74097728729248	1.244326505795051
20	53.142611026763916	1.244326505795051
21	54.25117754936218	1.244326505795051
22	55.30196928977966	1.244326505795051
23	56.17674422264099	1.244326505795051
24	57.051512479782104	1.244326505795051
25	57.925018548965454	1.244326505795051
26	58.79441976547241	1.244326505795051
27	59.66568326950073	1.244326505795051
28	60.53671717643738	1.244326505795051
29	61.40766882896423	1.244326505795051
30	62.27767252922058	1.244326505795051
31	63.149593353271484	1.244326505795051
32	64.02287578582764	1.244326505795051
33	64.89563012123108	1.244326505795051
34	65.76537680625916	1.244326505795051
35	66.63748216629028	1.244326505795051
36	67.51127481460571	1.244326505795051
37	68.38024687767029	1.244326505795051
38	69.25023627281189	1.244326505795051
39	70.1191577911377	1.244326505795051
40	70.98864674568176	1.244326505795051
41	71.85652756690979	1.244326505795051
42	72.72419834136963	1.244326505795051
43	73.59378695487976	1.244326505795051
44	74.46633911132812	1.244326505795051
45	75.33908319473267	1.244326505795051
46	76.21251893043518	1.244326505795051
47	77.09309601783752	1.244326505795051
48	77.96571183204651	1.244326505795051
49	78.83624482154846	1.244326505795051
50	79.71053266525269	1.244326505795051
51	80.58312273025513	1.244326505795051
52	81.45389723777771	1.244326505795051
53	82.32354211807251	1.244326505795051
54	83.19133234024048	1.244326505795051
55	84.06071925163269	1.244326505795051
56	84.93094253540039	1.244326505795051
57	85.80008554458618	1.244326505795051
58	86.67121076583862	1.244326505795051
59	87.54270529747009	1.244326505795051
60	88.41479730606079	1.244326505795051
61	89.28772187232971	1.244326505795051
62	90.16272449493408	1.244326505795051
63	91.0359559059143	1.244326505795051
64	91.90904331207275	1.244326505795051
65	92.78305411338806	1.244326505795051
66	93.65588140487671	1.244326505795051
67	94.53550553321838	1.244326505795051
68	95.40887188911438	1.244326505795051
69	96.28212022781372	1.244326505795051
70	97.15094113349915	1.244326505795051
71	98.02186942100525	1.244326505795051
72	98.89387631416321	1.244326505795051
73	99.76636123657227	1.244326505795051
74	100.64080572128296	1.244326505795051
75	101.51461887359619	1.244326505795051
76	102.38974452018738	1.244326505795051
77	103.26443386077881	1.244326505795051
78	104.1395537853241	1.244326505795051
79	105.0140209197998	1.244326505795051
80	105.89006853103638	1.244326505795051
81	106.76318287849426	1.244326505795051
82	107.63659334182739	1.244326505795051
83	108.511155128479	1.244326505795051
84	109.38644456863403	1.244326505795051
85	110.2570059299469	1.244326505795051
86	111.12620544433594	1.244326505795051
87	111.99680519104004	1.244326505795051
88	112.86699485778809	1.244326505795051
89	113.73919630050659	1.244326505795051
90	114.6127438545227	1.244326505795051
91	115.49457240104675	1.244326505795051
92	116.36796569824219	1.244326505795051
93	117.2445068359375	1.244326505795051
94	118.11990857124329	1.244326505795051
95	118.99384641647339	1.244326505795051
96	119.86820340156555	1.244326505795051
97	120.7425377368927	1.244326505795051
98	121.61729311943054	1.244326505795051
99	122.4899594783783	1.244326505795051
