generation	time	fitness
0	3.1142075061798096	0.7167628005315763
1	7.7536680698394775	0.9520291552139075
2	10.714744329452515	0.9728168397555381
3	13.63071084022522	1.0856720480697863
4	16.625697135925293	1.1020167297841434
5	19.51974868774414	1.111167282260135
6	22.43564772605896	1.1601710360982607
7	25.24566125869751	1.1849055436322926
8	28.040705680847168	1.2146309032607965
9	30.731690406799316	1.2327084619126518
10	33.42488384246826	1.2327084619126518
11	36.04832053184509	1.2327084619126518
12	38.546326875686646	1.2449516700438563
13	40.746692180633545	1.2476698616019415
14	42.65703558921814	1.248152916634879
15	44.19233584403992	1.2535022538037572
16	45.543668270111084	1.2535022538037572
17	46.97742819786072	1.2637445178460227
18	48.436452865600586	1.2637445178460227
19	49.88619804382324	1.2637445178460227
20	50.85061430931091	1.2637445178460227
21	51.73151183128357	1.2637445178460227
22	52.61020493507385	1.2637445178460227
23	53.488001346588135	1.2637445178460227
24	54.36860966682434	1.2637445178460227
25	55.24824357032776	1.2637445178460227
26	56.125829219818115	1.2637445178460227
27	57.0016930103302	1.2637445178460227
28	57.87930989265442	1.2637445178460227
29	58.75934958457947	1.2637445178460227
30	59.6411292552948	1.2637445178460227
31	60.521241664886475	1.2637445178460227
32	61.40243053436279	1.2637445178460227
33	62.28296709060669	1.2637445178460227
34	63.16455149650574	1.2637445178460227
35	64.0457170009613	1.2637445178460227
36	64.92703199386597	1.2637445178460227
37	65.809579372406	1.2637445178460227
38	66.69108939170837	1.2637445178460227
39	67.57207751274109	1.2637445178460227
40	68.45288419723511	1.2637445178460227
41	69.3347680568695	1.2637445178460227
42	70.21417164802551	1.2637445178460227
43	71.0944755077362	1.2637445178460227
44	71.97331953048706	1.2637445178460227
45	72.8541374206543	1.2637445178460227
46	73.7347960472107	1.2637445178460227
47	74.61667513847351	1.2637445178460227
48	75.49724531173706	1.2637445178460227
49	76.38094925880432	1.2637445178460227
50	77.26486611366272	1.2637445178460227
51	78.14911890029907	1.2637445178460227
52	79.03230404853821	1.2637445178460227
53	79.91908550262451	1.2637445178460227
54	80.80633354187012	1.2637445178460227
55	81.6864743232727	1.2637445178460227
56	82.56706500053406	1.2637445178460227
57	83.44760704040527	1.2637445178460227
58	84.33025813102722	1.2637445178460227
59	85.21506142616272	1.2637445178460227
60	86.10112714767456	1.2637445178460227
61	86.98332571983337	1.2637445178460227
62	87.86753845214844	1.2637445178460227
63	88.75109481811523	1.2637445178460227
64	89.63392496109009	1.2637445178460227
65	90.51944184303284	1.2637445178460227
66	91.40465879440308	1.2637445178460227
67	92.28976774215698	1.2637445178460227
68	93.17393207550049	1.2637445178460227
69	94.05975461006165	1.2637445178460227
70	94.94237422943115	1.2637445178460227
71	95.82546949386597	1.2637445178460227
72	96.70686411857605	1.2637445178460227
73	97.59851264953613	1.2637445178460227
74	98.48311233520508	1.2637445178460227
75	99.36730527877808	1.2637445178460227
76	100.25158905982971	1.2637445178460227
77	101.1363935470581	1.2637445178460227
78	102.02232193946838	1.2637445178460227
79	102.90830445289612	1.2637445178460227
80	103.79588580131531	1.2637445178460227
81	104.68212056159973	1.2637445178460227
82	105.5667495727539	1.2637445178460227
83	106.45371294021606	1.2637445178460227
84	107.33919095993042	1.2637445178460227
85	108.2248957157135	1.2637445178460227
86	109.10652375221252	1.2637445178460227
87	109.98623371124268	1.2637445178460227
88	110.87013220787048	1.2637445178460227
89	111.75360178947449	1.2637445178460227
90	112.63956999778748	1.2637445178460227
91	113.52277874946594	1.2637445178460227
92	114.40908861160278	1.2637445178460227
93	115.29373931884766	1.2637445178460227
94	116.1797878742218	1.2637445178460227
95	117.07230353355408	1.2637445178460227
96	117.95928692817688	1.2637445178460227
97	118.8477680683136	1.2637445178460227
98	119.737478017807	1.2637445178460227
99	120.62467288970947	1.2637445178460227
