generation	time	fitness
0	3.0824804306030273	0.6428523873531631
1	7.793898820877075	0.8826601089539394
2	10.8122718334198	0.9873568548450646
3	13.8597252368927	1.090145647506025
4	16.84590768814087	1.1187404041327484
5	19.638108730316162	1.168852541879029
6	22.240785360336304	1.168852541879029
7	24.720332622528076	1.179093761924138
8	27.16231060028076	1.2027593484909367
9	29.575740098953247	1.2027593484909367
10	31.934517860412598	1.2414603036672962
11	34.29924750328064	1.2414603036672962
12	36.36158299446106	1.2414603036672962
13	38.05799627304077	1.2414603036672962
14	39.714330434799194	1.2652214868984213
15	41.37033724784851	1.2652214868984213
16	43.11930060386658	1.2652214868984213
17	45.032787799835205	1.2652214868984213
18	46.97981071472168	1.2652214868984213
19	48.6187949180603	1.2652214868984213
20	50.095301151275635	1.2652214868984213
21	51.30392932891846	1.2652214868984213
22	52.189666986465454	1.2652214868984213
23	53.08055877685547	1.2652214868984213
24	53.973783016204834	1.2652214868984213
25	54.8613486289978	1.2652214868984213
26	55.75489544868469	1.2652214868984213
27	56.65066075325012	1.2652214868984213
28	57.53838610649109	1.2652214868984213
29	58.43503713607788	1.2652214868984213
30	59.332141399383545	1.2652214868984213
31	60.22816586494446	1.2652214868984213
32	61.11261987686157	1.2652214868984213
33	62.00587034225464	1.2652214868984213
34	62.900251388549805	1.2652214868984213
35	63.788172006607056	1.2652214868984213
36	64.68086314201355	1.2652214868984213
37	65.57383680343628	1.2652214868984213
38	66.46961903572083	1.2652214868984213
39	67.35693430900574	1.2652214868984213
40	68.24959540367126	1.2652214868984213
41	69.1440737247467	1.2652214868984213
42	70.04003310203552	1.2652214868984213
43	70.9364492893219	1.2652214868984213
44	71.82689929008484	1.2652214868984213
45	72.72169280052185	1.2652214868984213
46	73.61642503738403	1.2652214868984213
47	74.51108503341675	1.2652214868984213
48	75.40903306007385	1.2652214868984213
49	76.30620622634888	1.2652214868984213
50	77.20012307167053	1.2652214868984213
51	78.0865547657013	1.2652214868984213
52	78.97871279716492	1.2652214868984213
53	79.87375855445862	1.2652214868984213
54	80.76810884475708	1.2652214868984213
55	81.66508746147156	1.2652214868984213
56	82.56130170822144	1.2652214868984213
57	83.45844459533691	1.2652214868984213
58	84.35687184333801	1.2652214868984213
59	85.25621891021729	1.2652214868984213
60	86.15316796302795	1.2652214868984213
61	87.04914808273315	1.2652214868984213
62	87.94555830955505	1.2652214868984213
63	88.83558559417725	1.2652214868984213
64	89.729909658432	1.2652214868984213
65	90.62528777122498	1.2652214868984213
66	91.52065944671631	1.2652214868984213
67	92.41544675827026	1.2652214868984213
68	93.31096148490906	1.2652214868984213
69	94.20535826683044	1.2652214868984213
70	95.10776948928833	1.2652214868984213
71	96.00528502464294	1.2652214868984213
72	96.90361404418945	1.2652214868984213
73	97.80056953430176	1.2652214868984213
74	98.69746541976929	1.2652214868984213
75	99.5957145690918	1.2652214868984213
76	100.49360418319702	1.2652214868984213
77	101.39770889282227	1.2652214868984213
78	102.29412269592285	1.2652214868984213
79	103.1908049583435	1.2652214868984213
80	104.08709383010864	1.2652214868984213
81	104.98496723175049	1.2652214868984213
82	105.88810014724731	1.2652214868984213
83	106.78551244735718	1.2652214868984213
84	107.68172216415405	1.2652214868984213
85	108.57896828651428	1.2652214868984213
86	109.4784791469574	1.2652214868984213
87	110.37613868713379	1.2652214868984213
88	111.28131294250488	1.2652214868984213
89	112.18151593208313	1.2652214868984213
90	113.07915329933167	1.2652214868984213
91	113.97867369651794	1.2652214868984213
92	114.88491678237915	1.2652214868984213
93	115.78199291229248	1.2652214868984213
94	116.67989325523376	1.2652214868984213
95	117.57927632331848	1.2652214868984213
96	118.48617172241211	1.2652214868984213
97	119.38345503807068	1.2652214868984213
98	120.28121852874756	1.2652214868984213
99	121.18522095680237	1.2652214868984213
