generation	time	fitness
0	3.0953879356384277	0.4256590946118979
1	7.73247504234314	0.934897659359464
2	10.687355995178223	1.000533317093085
3	13.654617071151733	1.0885935843887586
4	16.492226600646973	1.1573951577603185
5	19.267511129379272	1.1649897147003676
6	21.996039390563965	1.1649897147003676
7	24.61208963394165	1.19862289498556
8	26.932609796524048	1.19862289498556
9	29.20596933364868	1.19862289498556
10	31.344010829925537	1.19862289498556
11	33.3014931678772	1.19862289498556
12	35.084463119506836	1.2198537245129888
13	36.785439252853394	1.2198537245129888
14	38.45816111564636	1.2198537245129888
15	40.22043299674988	1.2198537245129888
16	42.191648721694946	1.2198537245129888
17	44.121180057525635	1.2198537245129888
18	46.05713129043579	1.2198537245129888
19	47.823917865753174	1.2198537245129888
20	49.73812198638916	1.2198537245129888
21	51.53765916824341	1.2198537245129888
22	53.3505003452301	1.2198537245129888
23	55.01099467277527	1.2198537245129888
24	56.750067710876465	1.2198537245129888
25	58.32106161117554	1.2198537245129888
26	59.94686007499695	1.2198537245129888
27	61.475993394851685	1.2198537245129888
28	63.017598390579224	1.2198537245129888
29	64.61925220489502	1.2198537245129888
30	66.37833738327026	1.2198537245129888
31	68.07840919494629	1.2198537245129888
32	69.63422846794128	1.2227246508887255
33	70.91113543510437	1.2227246508887255
34	72.35710096359253	1.2227246508887255
35	73.48939728736877	1.2227246508887255
36	74.57783603668213	1.2227246508887255
37	75.88216710090637	1.2227246508887255
38	77.0623505115509	1.2227246508887255
39	78.43655896186829	1.2251802623943244
40	79.74764370918274	1.2251802623943244
41	81.3259916305542	1.2261920918909326
42	82.73656868934631	1.2261920918909326
43	84.04434776306152	1.2261920918909326
44	85.21828508377075	1.2261920918909326
45	86.52146220207214	1.2261920918909326
46	87.86796998977661	1.2261920918909326
47	89.16266345977783	1.2261920918909326
48	90.20227408409119	1.2261920918909326
49	91.07765769958496	1.2261920918909326
50	91.95179343223572	1.2261920918909326
51	92.8259847164154	1.2261920918909326
52	93.69941520690918	1.2261920918909326
53	94.57383584976196	1.2261920918909326
54	95.45220613479614	1.2261920918909326
55	96.34329557418823	1.2261920918909326
56	97.21904110908508	1.2261920918909326
57	98.09570288658142	1.2261920918909326
58	98.97042989730835	1.2261920918909326
59	99.84995293617249	1.2261920918909326
60	100.72339463233948	1.2261920918909326
61	101.59733963012695	1.2261920918909326
62	102.47085523605347	1.2261920918909326
63	103.34008550643921	1.2261920918909326
64	104.21154546737671	1.2261920918909326
65	105.08333158493042	1.2261920918909326
66	105.95747017860413	1.2261920918909326
67	106.83402609825134	1.2261920918909326
68	107.70734930038452	1.2261920918909326
69	108.58108949661255	1.2261920918909326
70	109.45494842529297	1.2261920918909326
71	110.3354229927063	1.2261920918909326
72	111.21259999275208	1.2261920918909326
73	112.08976316452026	1.2261920918909326
74	112.96757793426514	1.2261920918909326
75	113.84370756149292	1.2261920918909326
76	114.71719646453857	1.2261920918909326
77	115.59334230422974	1.2261920918909326
78	116.4675464630127	1.2261920918909326
79	117.33914136886597	1.2261920918909326
80	118.21112942695618	1.2261920918909326
81	119.08241581916809	1.2261920918909326
82	119.95455002784729	1.2261920918909326
83	120.82730793952942	1.2261920918909326
84	121.70347356796265	1.2261920918909326
85	122.57675576210022	1.2261920918909326
86	123.4505968093872	1.2261920918909326
87	124.32566666603088	1.2261920918909326
88	125.1994206905365	1.2261920918909326
89	126.0752625465393	1.2261920918909326
90	126.95087146759033	1.2261920918909326
91	127.82692098617554	1.2261920918909326
92	128.70663332939148	1.2261920918909326
93	129.57952618598938	1.2261920918909326
94	130.45359873771667	1.2261920918909326
95	131.32736206054688	1.2261920918909326
96	132.19891667366028	1.2261920918909326
97	133.070885181427	1.2261920918909326
98	133.94514799118042	1.2261920918909326
99	134.8179647922516	1.2261920918909326
