generation	time	fitness
0	3.1385674476623535	0.45079547111139134
1	7.796643018722534	0.8954372975958047
2	10.780256748199463	1.033071224974529
3	13.7918541431427	1.0330959195338918
4	16.608938217163086	1.1300659648598448
5	19.393574476242065	1.1518619195308324
6	22.100956678390503	1.183138360174335
7	24.770490884780884	1.183138360174335
8	27.392035484313965	1.2030160458398056
9	30.00268530845642	1.2030160458398056
10	32.62497138977051	1.2030160458398056
11	35.16848182678223	1.2030160458398056
12	37.51230502128601	1.2030160458398056
13	39.55110812187195	1.2030160458398056
14	41.284549713134766	1.2030160458398056
15	43.405137062072754	1.211476519001003
16	45.259397983551025	1.211476519001003
17	47.02066993713379	1.211476519001003
18	48.52641701698303	1.211476519001003
19	49.93139696121216	1.211476519001003
20	51.213571071624756	1.211476519001003
21	52.09443640708923	1.211476519001003
22	52.971495151519775	1.211476519001003
23	53.84449529647827	1.211476519001003
24	54.72016215324402	1.211476519001003
25	55.598501205444336	1.211476519001003
26	56.47438359260559	1.211476519001003
27	57.349472761154175	1.211476519001003
28	58.22703266143799	1.211476519001003
29	59.10264444351196	1.211476519001003
30	59.975712299346924	1.211476519001003
31	60.85101795196533	1.211476519001003
32	61.731008529663086	1.211476519001003
33	62.617364168167114	1.211476519001003
34	63.50167942047119	1.211476519001003
35	64.3826470375061	1.211476519001003
36	65.26259899139404	1.211476519001003
37	66.14202904701233	1.211476519001003
38	67.01766180992126	1.211476519001003
39	67.89721512794495	1.211476519001003
40	68.773850440979	1.211476519001003
41	69.65114450454712	1.211476519001003
42	70.52685785293579	1.211476519001003
43	71.40470004081726	1.211476519001003
44	72.28453540802002	1.211476519001003
45	73.16283702850342	1.211476519001003
46	74.04211211204529	1.211476519001003
47	74.92113971710205	1.211476519001003
48	75.80021500587463	1.211476519001003
49	76.67796993255615	1.211476519001003
50	77.5583221912384	1.211476519001003
51	78.43921399116516	1.211476519001003
52	79.31860089302063	1.211476519001003
53	80.19838547706604	1.211476519001003
54	81.07844018936157	1.211476519001003
55	81.95965027809143	1.211476519001003
56	82.83650636672974	1.211476519001003
57	83.71303510665894	1.211476519001003
58	84.59132122993469	1.211476519001003
59	85.4705319404602	1.211476519001003
60	86.3502106666565	1.211476519001003
61	87.22993421554565	1.211476519001003
62	88.1107988357544	1.211476519001003
63	88.99352669715881	1.211476519001003
64	89.87585234642029	1.211476519001003
65	90.75688743591309	1.211476519001003
66	91.63961267471313	1.211476519001003
67	92.52111053466797	1.211476519001003
68	93.40111780166626	1.211476519001003
69	94.28793549537659	1.211476519001003
70	95.16719245910645	1.211476519001003
71	96.0442624092102	1.211476519001003
72	96.92450284957886	1.211476519001003
73	97.807936668396	1.211476519001003
74	98.68931698799133	1.211476519001003
75	99.57090926170349	1.211476519001003
76	100.45218777656555	1.211476519001003
77	101.3343939781189	1.211476519001003
78	102.21668004989624	1.211476519001003
79	103.09822058677673	1.211476519001003
80	103.98065185546875	1.211476519001003
81	104.86569404602051	1.211476519001003
82	105.74614667892456	1.211476519001003
83	106.62970423698425	1.211476519001003
84	107.51116633415222	1.211476519001003
85	108.3925507068634	1.211476519001003
86	109.27073383331299	1.211476519001003
87	110.14811396598816	1.211476519001003
88	111.02837538719177	1.211476519001003
89	111.90983605384827	1.211476519001003
90	112.78994727134705	1.211476519001003
91	113.67073345184326	1.211476519001003
92	114.55373191833496	1.211476519001003
93	115.44357395172119	1.211476519001003
94	116.32578587532043	1.211476519001003
95	117.21171879768372	1.211476519001003
96	118.09542727470398	1.211476519001003
97	118.97823119163513	1.211476519001003
98	119.8608808517456	1.211476519001003
99	120.74415731430054	1.211476519001003
