generation	time	fitness
0	3.149115562438965	0.8184836192448156
1	5.690090179443359	0.9422365588023176
2	6.534740209579468	0.9422365588023176
3	7.384596586227417	0.9422365588023176
4	8.280890226364136	0.9422365588023176
5	9.128666877746582	0.9422365588023176
6	9.974554777145386	1.0046225256090127
7	10.8219473361969	1.0046225256090127
8	11.673511028289795	1.0046225256090127
9	12.528003931045532	1.0046225256090127
10	13.39278769493103	1.0046225256090127
11	14.244279623031616	1.0046225256090127
12	15.083219289779663	1.0210708472149164
13	15.937554597854614	1.0838696584296392
14	16.791468620300293	1.0838696584296392
15	17.64552617073059	1.0838696584296392
16	18.499757766723633	1.0838696584296392
17	19.353835344314575	1.0838696584296392
18	20.206738233566284	1.0838696584296392
19	21.06527853012085	1.1478730781688484
20	21.91824507713318	1.1478730781688484
21	22.772847652435303	1.1478730781688484
22	23.629712343215942	1.1478730781688484
23	24.484928369522095	1.1478730781688484
24	25.340396642684937	1.1478730781688484
25	26.197892904281616	1.1478730781688484
26	27.054039478302002	1.1478730781688484
27	27.909875631332397	1.1478730781688484
28	28.76460313796997	1.1478730781688484
29	29.621171951293945	1.1514712263923104
30	30.47776484489441	1.1514712263923104
31	31.337132930755615	1.1514712263923104
32	32.196056604385376	1.1514712263923104
33	33.05433201789856	1.1566714735618349
34	33.91301107406616	1.1566714735618349
35	34.77114415168762	1.1566714735618349
36	35.630905628204346	1.1704983024148077
37	36.493011236190796	1.1704983024148077
38	37.35087537765503	1.1704983024148077
39	38.20985555648804	1.1704983024148077
40	39.06913733482361	1.1704983024148077
41	39.92941904067993	1.1704983024148077
42	40.788485050201416	1.1704983024148077
43	41.6492121219635	1.1704983024148077
44	42.5092887878418	1.1704983024148077
45	43.369261503219604	1.1704983024148077
46	44.23123788833618	1.1820826608198232
47	45.093623638153076	1.1997325275606427
48	45.9538414478302	1.1997325275606427
49	46.81555938720703	1.1997325275606427
50	47.67528581619263	1.2014688380891179
51	48.53567910194397	1.207270130284067
52	49.39605164527893	1.207270130284067
53	50.258206367492676	1.2164048463474286
54	51.12075328826904	1.2189697209156172
55	51.98235630989075	1.248648574644527
56	52.84499931335449	1.248648574644527
57	53.70959162712097	1.248648574644527
58	54.57200741767883	1.248648574644527
59	55.435295820236206	1.248648574644527
60	56.300907611846924	1.248648574644527
61	57.165879011154175	1.248648574644527
62	58.02903890609741	1.248648574644527
63	58.892298221588135	1.248648574644527
64	59.75500297546387	1.248648574644527
65	60.61851787567139	1.248648574644527
66	61.482545137405396	1.2493014326831178
67	62.347496032714844	1.2493014326831178
68	63.21285843849182	1.2556038115858423
69	64.07951998710632	1.2556038115858423
70	64.9474048614502	1.2786751076209106
71	65.81642866134644	1.2786751076209106
72	66.68650555610657	1.2786751076209106
73	67.55419492721558	1.2786751076209106
74	68.42094588279724	1.2786751076209106
75	69.28950619697571	1.2786751076209106
76	70.15657305717468	1.2786751076209106
77	71.02177858352661	1.2786751076209106
78	71.8883318901062	1.2786751076209106
79	72.75473308563232	1.2786751076209106
80	73.62335562705994	1.2786751076209106
81	74.49223208427429	1.2786751076209106
82	75.36153507232666	1.2786751076209106
83	76.2301230430603	1.2786751076209106
84	77.10560870170593	1.2796571028593369
85	77.97492337226868	1.2796571028593369
86	78.8443055152893	1.2796571028593369
87	79.71261048316956	1.295578381796942
88	80.58023977279663	1.295578381796942
89	81.45619797706604	1.295578381796942
90	82.32589983940125	1.295578381796942
91	83.19415163993835	1.295578381796942
92	84.06130862236023	1.295578381796942
93	84.92885065078735	1.295578381796942
94	85.79678249359131	1.2973569402876959
95	86.66462779045105	1.2973569402876959
96	87.54356956481934	1.300156097592411
97	88.41269373893738	1.3039166496822632
98	89.28063893318176	1.3039166496822632
99	90.14869856834412	1.3056193745457771
