generation	time	fitness
0	3.13867449760437	0.6341625124163532
1	5.6822509765625	0.8457110046414941
2	6.526788949966431	0.8457110046414941
3	7.3734846115112305	0.8457110046414941
4	8.218940734863281	0.8457110046414941
5	9.0726478099823	0.8457110046414941
6	9.921356439590454	0.8735119346273262
7	10.768937587738037	0.9506014509580631
8	11.619365215301514	0.9506014509580631
9	12.469070196151733	0.9506014509580631
10	13.320260524749756	1.004020734329273
11	14.16990351676941	1.004020734329273
12	15.023083209991455	1.030925978219424
13	15.864046573638916	1.030925978219424
14	16.7121365070343	1.030925978219424
15	17.567031383514404	1.030925978219424
16	18.422290802001953	1.0414203984808275
17	19.277663469314575	1.0414203984808275
18	20.13196611404419	1.0414203984808275
19	20.987424850463867	1.0414203984808275
20	21.841869354248047	1.0414203984808275
21	22.705050945281982	1.0414203984808275
22	23.56196093559265	1.0414203984808275
23	24.421839475631714	1.0414203984808275
24	25.276206731796265	1.0414203984808275
25	26.129439115524292	1.0414203984808275
26	26.99564504623413	1.068061005583881
27	27.853522300720215	1.068061005583881
28	28.709603786468506	1.068061005583881
29	29.567272186279297	1.0682185248024467
30	30.426010370254517	1.0883931602775758
31	31.283477306365967	1.0883931602775758
32	32.13957929611206	1.0883931602775758
33	32.99993276596069	1.0883931602775758
34	33.85724115371704	1.0883931602775758
35	34.71779155731201	1.0923387965714324
36	35.57496237754822	1.0923387965714324
37	36.4340980052948	1.100034440900405
38	37.29435873031616	1.1038773424318724
39	38.152995109558105	1.1038773424318724
40	39.01534295082092	1.1038773424318724
41	39.87546634674072	1.1038773424318724
42	40.73485827445984	1.1067372150437427
43	41.59370708465576	1.1155687197059188
44	42.456215620040894	1.1283508001598248
45	43.316542625427246	1.1283508001598248
46	44.17609882354736	1.1307850007829525
47	45.03672647476196	1.1461520361981867
48	45.89812922477722	1.1461520361981867
49	46.76086378097534	1.150847742423566
50	47.62124300003052	1.150847742423566
51	48.487746477127075	1.1531613341823803
52	49.35104203224182	1.1624190127608058
53	50.213536977767944	1.1624190127608058
54	51.07606482505798	1.169268189597262
55	51.94047284126282	1.169268189597262
56	52.804813623428345	1.1748223514587453
57	53.677961111068726	1.1748223514587453
58	54.57201838493347	1.1748223514587453
59	55.44208788871765	1.1748223514587453
60	56.30633282661438	1.1787363770497499
61	57.17099690437317	1.1787363770497499
62	58.03733777999878	1.1787363770497499
63	58.90165615081787	1.1887232810123114
64	59.76550817489624	1.1949575266954138
65	60.62955284118652	1.2062437986924326
66	61.49374008178711	1.2062437986924326
67	62.35757327079773	1.2062437986924326
68	63.21911025047302	1.2062437986924326
69	64.08485651016235	1.2062437986924326
70	64.95029807090759	1.2062437986924326
71	65.81378698348999	1.2062437986924326
72	66.67838454246521	1.2062437986924326
73	67.54462194442749	1.2062437986924326
74	68.41003084182739	1.2062437986924326
75	69.2773506641388	1.2108106495677797
76	70.14505958557129	1.2108106495677797
77	71.01191830635071	1.2133868938861272
78	71.87714862823486	1.2133868938861272
79	72.74401926994324	1.2209775385767352
80	73.61058735847473	1.2209775385767352
81	74.48358345031738	1.2272551222917554
82	75.34959053993225	1.234841711001689
83	76.21515583992004	1.234841711001689
84	77.08311414718628	1.234841711001689
85	77.9487738609314	1.234841711001689
86	78.81580543518066	1.234841711001689
87	79.6829400062561	1.234841711001689
88	80.54913115501404	1.234841711001689
89	81.41741418838501	1.234841711001689
90	82.2838499546051	1.234841711001689
91	83.1498749256134	1.234841711001689
92	84.01580381393433	1.234841711001689
93	84.8817412853241	1.234841711001689
94	85.74923968315125	1.234841711001689
95	86.61398792266846	1.234841711001689
96	87.48041224479675	1.234841711001689
97	88.3442895412445	1.234841711001689
98	89.21017646789551	1.234841711001689
99	90.0765290260315	1.234841711001689
