generation	time	fitness
0	3.1488800048828125	0.47690032019163764
1	5.693101167678833	0.9449658210495852
2	6.5397374629974365	0.9449658210495852
3	7.387727975845337	0.9478945087173873
4	8.211102962493896	0.9478945087173873
5	9.060627460479736	0.9500264395949608
6	9.90886402130127	0.9630255118799773
7	10.763762474060059	0.9630255118799773
8	11.61492109298706	0.9667670620584807
9	12.463608980178833	0.9667670620584807
10	13.314227104187012	0.9667670620584807
11	14.167171478271484	0.9667670620584807
12	15.017227172851562	0.9667670620584807
13	15.869011402130127	1.0912009950024966
14	16.719646215438843	1.0912009950024966
15	17.571158170700073	1.0912009950024966
16	18.423840284347534	1.0912009950024966
17	19.27628445625305	1.0912009950024966
18	20.12801480293274	1.0912009950024966
19	20.980002880096436	1.0912009950024966
20	21.83610439300537	1.0912009950024966
21	22.68937659263611	1.0912009950024966
22	23.54351234436035	1.0912009950024966
23	24.3951153755188	1.1312660131123486
24	25.25136971473694	1.1312660131123486
25	26.106000423431396	1.1312660131123486
26	26.961633443832397	1.1312660131123486
27	27.817070960998535	1.1312660131123486
28	28.67190194129944	1.1312660131123486
29	29.529545545578003	1.1312660131123486
30	30.38663077354431	1.1393737099379209
31	31.242788314819336	1.1393737099379209
32	32.09931659698486	1.1413382448017217
33	32.957236766815186	1.1413382448017217
34	33.81397771835327	1.1541630063756294
35	34.67101335525513	1.1571838132992187
36	35.529728412628174	1.1571838132992187
37	36.3857946395874	1.1684182058630195
38	37.2422571182251	1.1684182058630195
39	38.11629772186279	1.1684182058630195
40	38.97935152053833	1.1684182058630195
41	39.84110403060913	1.1684182058630195
42	40.701072216033936	1.1698522283524788
43	41.56369972229004	1.1698522283524788
44	42.42425346374512	1.1698522283524788
45	43.28590774536133	1.1698522283524788
46	44.14926624298096	1.175574288896832
47	45.01379036903381	1.1765356051235225
48	45.87897825241089	1.1843024645697278
49	46.7483229637146	1.1908495529199743
50	47.64516353607178	1.1908495529199743
51	48.51900386810303	1.1908495529199743
52	49.38296675682068	1.202437451147047
53	50.24865508079529	1.202437451147047
54	51.12162470817566	1.202437451147047
55	51.993443727493286	1.2121335822128487
56	52.8685040473938	1.2169782256817905
57	53.7639217376709	1.2169782256817905
58	54.652034282684326	1.2169782256817905
59	55.547067642211914	1.2169782256817905
60	56.44931435585022	1.2169782256817905
61	57.332741260528564	1.2169782256817905
62	58.21241331100464	1.2169782256817905
63	59.10368227958679	1.2174077550895799
64	59.999173402786255	1.2174077550895799
65	60.89537525177002	1.2174077550895799
66	61.80466151237488	1.2174077550895799
67	62.696523666381836	1.2174077550895799
68	63.60809254646301	1.2174077550895799
69	64.49938035011292	1.2174077550895799
70	65.3834400177002	1.2174077550895799
71	66.28225255012512	1.2214165767934446
72	67.161123752594	1.2214165767934446
73	68.03965926170349	1.2214165767934446
74	68.90588283538818	1.2214165767934446
75	69.77302837371826	1.2214165767934446
76	70.659188747406	1.2214165767934446
77	71.52851915359497	1.2214165767934446
78	72.40589880943298	1.2214165767934446
79	73.28374361991882	1.2214165767934446
80	74.15301537513733	1.2214165767934446
81	75.02854180335999	1.2214165767934446
82	75.9044394493103	1.2214165767934446
83	76.77959775924683	1.2214165767934446
84	77.6451518535614	1.2214165767934446
85	78.51189661026001	1.2214165767934446
86	79.38167810440063	1.2214165767934446
87	80.25207734107971	1.2214165767934446
88	81.12128520011902	1.2214165767934446
89	81.99362182617188	1.2214165767934446
90	82.86191487312317	1.2214165767934446
91	83.7402937412262	1.2214165767934446
92	84.60410976409912	1.2214165767934446
93	85.47710347175598	1.2214165767934446
94	86.34096074104309	1.2214165767934446
95	87.20901894569397	1.2214165767934446
96	88.07366514205933	1.2214165767934446
97	88.93880796432495	1.2214165767934446
98	89.80504894256592	1.2214165767934446
99	90.68124532699585	1.2214165767934446
