generation	time	fitness
0	3.12919282913208	0.44450244693513946
1	5.668092250823975	0.8959723693419022
2	6.517528772354126	0.8959723693419022
3	7.36696720123291	0.8959723693419022
4	8.21593713760376	0.8959723693419022
5	9.066199779510498	0.9426220527461616
6	9.919825315475464	0.9426220527461616
7	10.76956295967102	0.9426220527461616
8	11.618113994598389	0.9625463056636552
9	12.469639539718628	0.9625463056636552
10	13.319467306137085	0.9625463056636552
11	14.167824506759644	0.9625463056636552
12	15.019084692001343	0.9625463056636552
13	15.871910810470581	0.9861559291693657
14	16.723916053771973	1.0997859514299422
15	17.577884435653687	1.0997859514299422
16	18.432852029800415	1.0997859514299422
17	19.28519368171692	1.0997859514299422
18	20.136714220046997	1.0997859514299422
19	20.991944313049316	1.0997859514299422
20	21.848825693130493	1.0997859514299422
21	22.704477787017822	1.1236594143958603
22	23.55904221534729	1.1236594143958603
23	24.41501235961914	1.1236594143958603
24	25.271681308746338	1.1236594143958603
25	26.124619722366333	1.1236594143958603
26	26.969722747802734	1.1236594143958603
27	27.82750630378723	1.1236594143958603
28	28.683486938476562	1.1236594143958603
29	29.541035413742065	1.1236594143958603
30	30.399141550064087	1.1236594143958603
31	31.25799322128296	1.1236594143958603
32	32.116995334625244	1.1236594143958603
33	32.974127531051636	1.1236594143958603
34	33.83136320114136	1.1236594143958603
35	34.68929719924927	1.1236594143958603
36	35.54875135421753	1.1273871643887348
37	36.4075813293457	1.1273871643887348
38	37.265454053878784	1.1273871643887348
39	38.12342357635498	1.1273871643887348
40	38.98152422904968	1.1273871643887348
41	39.84328818321228	1.1273871643887348
42	40.70228147506714	1.129943811005699
43	41.564650535583496	1.1451281288313948
44	42.42667627334595	1.1451281288313948
45	43.28746223449707	1.1451281288313948
46	44.146878242492676	1.1451281288313948
47	45.007328271865845	1.1451281288313948
48	45.86861181259155	1.162540137496324
49	46.730416774749756	1.162540137496324
50	47.59093403816223	1.162540137496324
51	48.45404314994812	1.162540137496324
52	49.31846237182617	1.162540137496324
53	50.18324303627014	1.162540137496324
54	51.045491218566895	1.164631673859991
55	51.909321546554565	1.1792627139318865
56	52.77122235298157	1.1792627139318865
57	53.63169813156128	1.1792627139318865
58	54.49388098716736	1.1792627139318865
59	55.356557846069336	1.1792627139318865
60	56.21707105636597	1.1792627139318865
61	57.079562187194824	1.1792627139318865
62	57.94236922264099	1.1792627139318865
63	58.80721974372864	1.1792627139318865
64	59.66794300079346	1.183772369540022
65	60.52912878990173	1.198080073323474
66	61.39124846458435	1.198080073323474
67	62.254517555236816	1.198080073323474
68	63.11726975440979	1.198080073323474
69	63.979947090148926	1.198080073323474
70	64.85057377815247	1.198080073323474
71	65.71474146842957	1.198080073323474
72	66.57726097106934	1.2088525170450521
73	67.4413514137268	1.2176257918212978
74	68.30515766143799	1.2176257918212978
75	69.16751098632812	1.2275021414821863
76	70.0312614440918	1.2275021414821863
77	70.89484930038452	1.2503163051635946
78	71.75730276107788	1.2503163051635946
79	72.62188124656677	1.2503163051635946
80	73.48607921600342	1.2503163051635946
81	74.35081100463867	1.2503163051635946
82	75.21411538124084	1.2503163051635946
83	76.07941102981567	1.2503163051635946
84	76.94381785392761	1.2503163051635946
85	77.80847358703613	1.2503163051635946
86	78.67283010482788	1.2631611511662801
87	79.53825974464417	1.2631611511662801
88	80.40323305130005	1.2631611511662801
89	81.26823258399963	1.2631611511662801
90	82.13194727897644	1.2631611511662801
91	82.99946856498718	1.2631611511662801
92	83.86278247833252	1.2631611511662801
93	84.72713947296143	1.2640924437516807
94	85.59446573257446	1.2640924437516807
95	86.46164274215698	1.272421109976377
96	87.32715368270874	1.3005423902834305
97	88.200847864151	1.3005423902834305
98	89.06785106658936	1.3005423902834305
99	89.93244409561157	1.3005423902834305
