generation	time	fitness
0	3.0546767711639404	0.5786733004811931
1	5.57722806930542	0.8623203318943591
2	6.415081262588501	0.9129797352118647
3	7.254885196685791	0.9129797352118647
4	8.093460321426392	0.9501499282782926
5	8.928295612335205	0.9501499282782926
6	9.764470338821411	0.9501499282782926
7	10.602286577224731	0.9501499282782926
8	11.43956995010376	0.9501499282782926
9	12.280570030212402	0.9560332452004608
10	13.120713710784912	0.9560332452004608
11	13.960481882095337	0.9637781114830226
12	14.805403470993042	0.9637781114830226
13	15.648080110549927	0.9637781114830226
14	16.48929786682129	0.9741048614585353
15	17.33060574531555	0.9843423094871229
16	18.172630548477173	1.0198512790535994
17	19.014888763427734	1.0198512790535994
18	19.85625433921814	1.0198512790535994
19	20.70379400253296	1.0198512790535994
20	21.54655122756958	1.0198512790535994
21	22.389259338378906	1.0535438952534022
22	23.220208644866943	1.0730290401115958
23	24.065435886383057	1.0730290401115958
24	24.91002869606018	1.0730290401115958
25	25.75480055809021	1.0730290401115958
26	26.601255178451538	1.0730290401115958
27	27.44635248184204	1.0730290401115958
28	28.28980779647827	1.1018656309640031
29	29.13566517829895	1.165307543035185
30	29.980363845825195	1.165307543035185
31	30.823867082595825	1.165307543035185
32	31.67082953453064	1.165307543035185
33	32.517232179641724	1.165307543035185
34	33.36357116699219	1.165307543035185
35	34.2093608379364	1.165307543035185
36	35.05781388282776	1.165307543035185
37	35.91107416152954	1.165307543035185
38	36.75795316696167	1.165307543035185
39	37.606630086898804	1.165307543035185
40	38.45472741127014	1.165307543035185
41	39.30296039581299	1.165307543035185
42	40.15029835700989	1.165307543035185
43	41.003965616226196	1.1805107535333157
44	41.8517951965332	1.1913666453732932
45	42.69924879074097	1.1913666453732932
46	43.547627210617065	1.1913666453732932
47	44.39557337760925	1.1913666453732932
48	45.24323058128357	1.1913666453732932
49	46.09270358085632	1.1913666453732932
50	46.94466757774353	1.1913666453732932
51	47.79444479942322	1.1913666453732932
52	48.6417977809906	1.2018139023998204
53	49.49093222618103	1.2018139023998204
54	50.339916944503784	1.2115855576426189
55	51.190038442611694	1.2115855576426189
56	52.04011058807373	1.2115855576426189
57	52.889512062072754	1.2115855576426189
58	53.74000883102417	1.2115855576426189
59	54.59005260467529	1.2115855576426189
60	55.442371129989624	1.2115855576426189
61	56.293866872787476	1.2118897783274047
62	57.14613127708435	1.2228736709775168
63	57.998714447021484	1.2228736709775168
64	58.85055994987488	1.2228736709775168
65	59.7011616230011	1.2228736709775168
66	60.561030864715576	1.2228736709775168
67	61.41395950317383	1.2228736709775168
68	62.26569175720215	1.2228736709775168
69	63.11765432357788	1.2228736709775168
70	63.972593784332275	1.2228736709775168
71	64.8260669708252	1.2228736709775168
72	65.67746829986572	1.2228736709775168
73	66.5378053188324	1.2228736709775168
74	67.3897693157196	1.2228736709775168
75	68.24159049987793	1.2228736709775168
76	69.09462213516235	1.2228736709775168
77	69.94828581809998	1.2341828709920675
78	70.8004264831543	1.2341828709920675
79	71.65286111831665	1.2341828709920675
80	72.50718879699707	1.2341828709920675
81	73.36017632484436	1.2341828709920675
82	74.21222972869873	1.2454994300564126
83	75.06546092033386	1.2454994300564126
84	75.9191038608551	1.2454994300564126
85	76.77266240119934	1.2454994300564126
86	77.62770771980286	1.2454994300564126
87	78.48129415512085	1.2454994300564126
88	79.3341703414917	1.2454994300564126
89	80.19155979156494	1.2454994300564126
90	81.0455892086029	1.2454994300564126
91	81.89879155158997	1.2454994300564126
92	82.75079226493835	1.2454994300564126
93	83.6042993068695	1.2454994300564126
94	84.45861148834229	1.2454994300564126
95	85.31320214271545	1.2454994300564126
96	86.16917872428894	1.252364068626963
97	87.02440857887268	1.2549942661350282
98	87.8882405757904	1.2549942661350282
99	88.74494051933289	1.2549942661350282
