0	3.09999	3.07595	3.12404	0.617471	0.579818	0.655123
1	5.64265	5.6186	5.6667	0.886125	0.871894	0.900356
2	6.49287	6.47028	6.51547	0.893226	0.879424	0.907029
3	7.34223	7.3194	7.36505	0.895897	0.882907	0.908888
4	8.20755	8.18034	8.23475	0.906334	0.892479	0.920188
5	9.05852	9.02821	9.08882	0.92622	0.914078	0.938363
6	9.91001	9.87862	9.94141	0.940307	0.928215	0.952399
7	10.7608	10.7277	10.7939	0.951504	0.943506	0.959502
8	11.6109	11.5765	11.6452	0.95387	0.945805	0.961936
9	12.4617	12.4257	12.4976	0.958414	0.951643	0.965185
10	13.315	13.2783	13.3517	0.97334	0.964432	0.982247
11	14.1643	14.1264	14.2022	0.974114	0.965357	0.982872
12	15.0149	14.9766	15.0533	0.983728	0.973512	0.993945
13	15.8657	15.8267	15.9046	1.00588	0.989133	1.02263
14	16.7162	16.6761	16.7564	1.01828	0.999405	1.03715
15	17.5669	17.5257	17.6081	1.0193	1.0007	1.03791
16	18.4206	18.3785	18.4628	1.03083	1.01385	1.04781
17	19.2745	19.2314	19.3175	1.03659	1.02102	1.05216
18	20.1272	20.083	20.1713	1.04522	1.03261	1.05783
19	20.9814	20.9364	21.0263	1.05238	1.03649	1.06828
20	21.8353	21.7891	21.8815	1.05327	1.03781	1.06873
21	22.6906	22.6435	22.7378	1.06421	1.04992	1.0785
22	23.5439	23.4944	23.5934	1.06616	1.0519	1.08041
23	24.3988	24.3482	24.4494	1.07141	1.05592	1.08689
24	25.2543	25.2027	25.3058	1.07141	1.05592	1.08689
25	26.1086	26.056	26.1613	1.08	1.06659	1.09341
26	26.9638	26.91	27.0176	1.08483	1.07243	1.09723
27	27.8196	27.7646	27.8747	1.088	1.07656	1.09944
28	28.675	28.6189	28.731	1.09199	1.08079	1.10319
29	29.5299	29.4732	29.5866	1.10607	1.09384	1.11829
30	30.3859	30.3279	30.4439	1.11242	1.09976	1.12507
31	31.2429	31.1837	31.3022	1.11242	1.09976	1.12507
32	32.0993	32.0389	32.1598	1.11261	1.0999	1.12532
33	32.9564	32.8946	33.0182	1.11313	1.10022	1.12605
34	33.8152	33.7523	33.8781	1.12042	1.109	1.13183
35	34.6728	34.6084	34.7372	1.12112	1.10972	1.13252
36	35.5309	35.4653	35.5965	1.12287	1.11085	1.13489
37	36.3906	36.3244	36.4569	1.12477	1.11252	1.13701
38	37.2482	37.1806	37.3158	1.12515	1.11299	1.13731
39	38.1077	38.0391	38.1764	1.12907	1.11789	1.14026
40	38.9668	38.8969	39.0367	1.13148	1.12053	1.14244
41	39.827	39.756	39.898	1.13579	1.12555	1.14603
42	40.6853	40.6129	40.7576	1.13871	1.12921	1.14822
43	41.557	41.4857	41.6283	1.14484	1.13605	1.15363
44	42.4172	42.3446	42.4899	1.14726	1.13832	1.15619
45	43.277	43.203	43.351	1.14831	1.13926	1.15736
46	44.1365	44.0611	44.2119	1.15166	1.14239	1.16093
47	44.9962	44.9191	45.0734	1.15506	1.1452	1.16492
48	45.8555	45.7768	45.9342	1.15758	1.14754	1.16761
49	46.7164	46.6363	46.7966	1.16291	1.15355	1.17227
50	47.579	47.4976	47.6604	1.1632	1.15379	1.17262
51	48.4402	48.3573	48.5232	1.16706	1.15895	1.17517
52	49.2998	49.2151	49.3844	1.17019	1.16133	1.17905
53	50.1603	50.074	50.2466	1.17419	1.16498	1.1834
54	51.0217	50.9337	51.1097	1.1772	1.16756	1.18685
55	51.8833	51.7934	51.9731	1.18272	1.1711	1.19434
56	52.7451	52.6534	52.8368	1.18387	1.1722	1.19554
57	53.6093	53.5152	53.7034	1.1843	1.1728	1.19581
58	54.4762	54.3793	54.573	1.18468	1.17337	1.19598
59	55.3407	55.2413	55.4401	1.18468	1.17337	1.19598
60	56.2058	56.1036	56.308	1.1853	1.17411	1.1965
61	57.0673	56.9623	57.1722	1.18538	1.17417	1.19659
62	57.93	57.823	58.0371	1.18844	1.17729	1.1996
63	58.794	58.6843	58.9038	1.19783	1.18877	1.20688
64	59.6583	59.5456	59.771	1.20161	1.19361	1.20961
65	60.5222	60.4063	60.6381	1.20427	1.1966	1.21194
66	61.3892	61.2703	61.5081	1.20886	1.20132	1.2164
67	62.2537	62.1316	62.3757	1.20903	1.20151	1.21655
68	63.1195	62.9934	63.2457	1.21015	1.20255	1.21774
69	63.9838	63.8543	64.1134	1.21336	1.20679	1.21992
70	64.8485	64.7162	64.9808	1.21566	1.20712	1.22421
71	65.7141	65.5782	65.8501	1.21606	1.2075	1.22463
72	66.5774	66.4386	66.7162	1.21971	1.21138	1.22804
73	67.4432	67.3019	67.5844	1.22071	1.21255	1.22887
74	68.3057	68.1624	68.449	1.22244	1.21448	1.2304
75	69.1691	69.0236	69.3146	1.22389	1.21604	1.23173
76	70.0344	69.8858	70.1831	1.22644	1.21878	1.23411
77	70.8974	70.7466	71.0483	1.23041	1.22254	1.23828
78	71.7609	71.6075	71.9144	1.2331	1.22636	1.23984
79	72.6249	72.4687	72.7811	1.23475	1.22833	1.24117
80	73.4915	73.333	73.6501	1.23475	1.22833	1.24117
81	74.3571	74.1956	74.5186	1.236	1.22984	1.24216
82	75.2218	75.0575	75.3862	1.23796	1.23181	1.24411
83	76.0871	75.9201	76.2541	1.23915	1.233	1.2453
84	76.9514	76.7821	77.1206	1.23932	1.23308	1.24557
85	77.8156	77.644	77.9873	1.24172	1.23544	1.248
86	78.6814	78.5073	78.8555	1.243	1.23637	1.24964
87	79.546	79.3695	79.7226	1.2446	1.23677	1.25242
88	80.4117	80.2326	80.5908	1.24777	1.23958	1.25595
89	81.2786	81.0971	81.4601	1.24831	1.24011	1.25652
90	82.1442	81.9603	82.328	1.24882	1.24053	1.25712
91	83.011	82.824	83.1979	1.25138	1.24247	1.26029
92	83.876	83.6865	84.0655	1.25161	1.24283	1.2604
93	84.7427	84.5503	84.9351	1.25241	1.24394	1.26089
94	85.6095	85.4145	85.8045	1.25259	1.244	1.26118
95	86.4759	86.2782	86.6737	1.25442	1.24526	1.26358
96	87.3423	87.1422	87.5425	1.2582	1.24788	1.26852
97	88.2091	88.0066	88.4116	1.25884	1.24834	1.26934
98	89.0755	88.8714	89.2796	1.25957	1.2488	1.27034
99	89.9424	89.7355	90.1492	1.26136	1.25054	1.27217
