generation	time	fitness
0	3.1430766582489014	0.66035674056002
1	5.677765607833862	0.8285475295288101
2	6.527004241943359	0.8346135144149699
3	7.376161813735962	0.8346135144149699
4	8.225963830947876	0.8346135144149699
5	9.082750082015991	0.9721507194604238
6	9.933074712753296	0.9721507194604238
7	10.78261685371399	0.9721507194604238
8	11.632081747055054	0.9721507194604238
9	12.482625007629395	0.9721507194604238
10	13.334983587265015	0.9721507194604238
11	14.175359725952148	0.9721507194604238
12	15.02424168586731	0.9721507194604238
13	15.875854969024658	0.9721507194604238
14	16.728848695755005	0.9721507194604238
15	17.583680152893066	0.9721507194604238
16	18.437065839767456	0.9992375317302096
17	19.289154767990112	1.0414471578295372
18	20.142452478408813	1.0414471578295372
19	20.995328426361084	1.0414471578295372
20	21.850843906402588	1.0414471578295372
21	22.7054226398468	1.0414471578295372
22	23.563349962234497	1.0414471578295372
23	24.422497510910034	1.0414471578295372
24	25.276554584503174	1.0414471578295372
25	26.135802507400513	1.042112890679249
26	26.99238681793213	1.042112890679249
27	27.84896421432495	1.042112890679249
28	28.705100059509277	1.04389831620985
29	29.563647270202637	1.0893979708320436
30	30.420637130737305	1.0893979708320436
31	31.277661085128784	1.0893979708320436
32	32.13563346862793	1.0893979708320436
33	32.99461793899536	1.0893979708320436
34	33.8535635471344	1.1048551255846275
35	34.713542461395264	1.1048551255846275
36	35.5726752281189	1.1048551255846275
37	36.43194603919983	1.1048551255846275
38	37.290242433547974	1.1048551255846275
39	38.150086402893066	1.12160260791073
40	39.012526988983154	1.1366815507956973
41	39.87324333190918	1.1594290816093238
42	40.734965085983276	1.1594290816093238
43	41.59530305862427	1.1594290816093238
44	42.45439672470093	1.1594290816093238
45	43.31617856025696	1.1594290816093238
46	44.17882776260376	1.1594290816093238
47	45.04032778739929	1.1594290816093238
48	45.902180194854736	1.1594290816093238
49	46.76489233970642	1.1594290816093238
50	47.62726974487305	1.1594290816093238
51	48.48869729042053	1.1650214421649434
52	49.349310874938965	1.1650214421649434
53	50.21189880371094	1.1847470684369235
54	51.07512426376343	1.1847470684369235
55	51.939563512802124	1.1847470684369235
56	52.80254125595093	1.1847470684369235
57	53.66682028770447	1.1847470684369235
58	54.53301978111267	1.1847470684369235
59	55.396759033203125	1.1847470684369235
60	56.26021122932434	1.1847470684369235
61	57.12426710128784	1.1847470684369235
62	57.98785066604614	1.1847470684369235
63	58.85194277763367	1.1847470684369235
64	59.71586775779724	1.200856005952602
65	60.57984018325806	1.200856005952602
66	61.44485926628113	1.200856005952602
67	62.309293270111084	1.2024661342205814
68	63.173755168914795	1.2024661342205814
69	64.03802418708801	1.2195073295124972
70	64.90195536613464	1.2195073295124972
71	65.76740431785583	1.2195073295124972
72	66.63232827186584	1.2195073295124972
73	67.49832057952881	1.2195073295124972
74	68.3633279800415	1.2195073295124972
75	69.23145151138306	1.2195073295124972
76	70.09597277641296	1.2195073295124972
77	70.95902347564697	1.220917904000465
78	71.82240056991577	1.226209144586398
79	72.68889808654785	1.226209144586398
80	73.55435729026794	1.226209144586398
81	74.42056965827942	1.226209144586398
82	75.28858017921448	1.226209144586398
83	76.16249179840088	1.226209144586398
84	77.02970480918884	1.226209144586398
85	77.90540146827698	1.226209144586398
86	78.78457903862	1.226209144586398
87	79.65942811965942	1.226209144586398
88	80.53688549995422	1.226209144586398
89	81.41772222518921	1.2278228142240817
90	82.29808616638184	1.2278228142240817
91	83.1815893650055	1.2278228142240817
92	84.0691146850586	1.2278228142240817
93	84.9620840549469	1.2278228142240817
94	85.86125946044922	1.2278228142240817
95	86.75090742111206	1.2278228142240817
96	87.62792253494263	1.2278228142240817
97	88.51301527023315	1.2278228142240817
98	89.38893604278564	1.2278228142240817
99	90.26735496520996	1.2330905354362902
