generation	time	fitness
0	2.9465761184692383	0.7338077301737502
1	5.47899055480957	0.8904389402877314
2	6.341104030609131	0.8958980785648394
3	7.188730001449585	0.8958980785648394
4	8.041534900665283	0.9331681522445385
5	8.881528615951538	0.9331681522445385
6	9.743145942687988	0.9331681522445385
7	10.593751668930054	0.9331681522445385
8	11.448469161987305	0.9331681522445385
9	12.296618938446045	0.9331681522445385
10	13.16074538230896	0.9346335403692043
11	14.009414672851562	0.9346335403692043
12	14.863914728164673	0.9346335403692043
13	15.724401712417603	0.9362873265261484
14	16.575504064559937	0.9362873265261484
15	17.42609143257141	0.9362873265261484
16	18.282519340515137	0.9420299562973791
17	19.140681743621826	0.9574769523713846
18	19.994803428649902	0.9790173752652513
19	20.847819566726685	0.9866600988600446
20	21.700445890426636	0.9955073938821282
21	22.560139179229736	1.0473215430330411
22	23.411170482635498	1.0473215430330411
23	24.26525330543518	1.0473215430330411
24	25.125264883041382	1.0473215430330411
25	25.97824740409851	1.0473215430330411
26	26.830681085586548	1.0474016822257803
27	27.68588924407959	1.0660073665682384
28	28.546220541000366	1.0660073665682384
29	29.398359537124634	1.0660073665682384
30	30.25200629234314	1.0660073665682384
31	31.114354372024536	1.0660073665682384
32	31.967750310897827	1.0660073665682384
33	32.82183027267456	1.0660073665682384
34	33.68626666069031	1.1027181443140204
35	34.53935742378235	1.1027181443140204
36	35.39348649978638	1.1027181443140204
37	36.259987115859985	1.1027181443140204
38	37.11559438705444	1.1027181443140204
39	37.971853733062744	1.1027181443140204
40	38.82868409156799	1.1027181443140204
41	39.693482875823975	1.1027181443140204
42	40.54800510406494	1.1251405408109525
43	41.524837255477905	1.1251405408109525
44	42.38971972465515	1.1251405408109525
45	43.24865460395813	1.1267882996875147
46	44.100818395614624	1.1405480586375156
47	44.94781947135925	1.1405480586375156
48	45.79570150375366	1.1405480586375156
49	46.64676094055176	1.1405480586375156
50	47.496437788009644	1.14171547365867
51	48.34760069847107	1.14171547365867
52	49.193363189697266	1.14171547365867
53	50.04221248626709	1.14171547365867
54	50.89289569854736	1.1434120886483017
55	51.73832845687866	1.1445751800806
56	52.58506178855896	1.1456591834359553
57	53.43032932281494	1.1499897030826765
58	54.277443647384644	1.1499897030826765
59	55.123003244400024	1.1499897030826765
60	55.9693558216095	1.1499897030826765
61	56.800668478012085	1.1499897030826765
62	57.64754843711853	1.150092933653589
63	58.491923332214355	1.150092933653589
64	59.337406635284424	1.1610422560696954
65	60.182599782943726	1.1610422560696954
66	61.028663873672485	1.1610422560696954
67	61.8715181350708	1.1610422560696954
68	62.71568036079407	1.1659462924151045
69	63.55759644508362	1.1810127222611897
70	64.39999508857727	1.1810127222611897
71	65.24293160438538	1.1810127222611897
72	66.08597731590271	1.1810127222611897
73	66.92955780029297	1.1822613820359353
74	67.77553868293762	1.1822613820359353
75	68.62183237075806	1.1822613820359353
76	69.46723675727844	1.190416511353226
77	70.31238961219788	1.1919982991355893
78	71.15942168235779	1.2135646613852826
79	72.00489902496338	1.2135646613852826
80	72.84977412223816	1.2135646613852826
81	73.6924238204956	1.2135646613852826
82	74.53660988807678	1.2135646613852826
83	75.38292050361633	1.2135646613852826
84	76.22742080688477	1.2135646613852826
85	77.0714967250824	1.2135646613852826
86	77.91590404510498	1.2135646613852826
87	78.76067852973938	1.2135646613852826
88	79.60833764076233	1.2135646613852826
89	80.4544403553009	1.2135646613852826
90	81.30248141288757	1.2135646613852826
91	82.14811277389526	1.2138787550232115
92	82.9929313659668	1.216219946416897
93	83.83801603317261	1.2232854930156594
94	84.68337392807007	1.2232854930156594
95	85.52778911590576	1.2232854930156594
96	86.37332391738892	1.2232854930156594
97	87.2208161354065	1.2232854930156594
98	88.06963229179382	1.2232854930156594
99	88.91673827171326	1.2232854930156594
