generation	time	fitness
0	3.1399664878845215	0.5466039512696744
1	5.680040597915649	0.9251618465454775
2	6.528986692428589	0.929736558327918
3	7.379666805267334	0.929736558327918
4	8.231861352920532	0.929736558327918
5	9.079771757125854	0.929736558327918
6	9.929030179977417	0.929736558327918
7	10.782793521881104	0.9470255064491836
8	11.630539178848267	0.9470255064491836
9	12.479146242141724	0.9554164322049524
10	13.328354358673096	1.0082211157133125
11	14.182757139205933	1.0082211157133125
12	15.035038471221924	1.0082211157133125
13	15.878556728363037	1.0082211157133125
14	16.722920417785645	1.0082211157133125
15	17.57429552078247	1.0082211157133125
16	18.42917823791504	1.0082211157133125
17	19.286147117614746	1.0082211157133125
18	20.142385959625244	1.044411041829138
19	20.99731707572937	1.044411041829138
20	21.849934339523315	1.044411041829138
21	22.704734563827515	1.044411041829138
22	23.562050342559814	1.044411041829138
23	24.414881706237793	1.056839755271972
24	25.271849393844604	1.056839755271972
25	26.126814126968384	1.056839755271972
26	26.98399829864502	1.0784103107231824
27	27.84095573425293	1.0784103107231824
28	28.696943998336792	1.0876896215413394
29	29.553574562072754	1.1157427177127774
30	30.409950494766235	1.1509730770316282
31	31.26720952987671	1.1509730770316282
32	32.12432289123535	1.1509730770316282
33	32.981971740722656	1.1509730770316282
34	33.84083890914917	1.1509730770316282
35	34.69820523262024	1.1509730770316282
36	35.559359312057495	1.1509730770316282
37	36.41728091239929	1.1509730770316282
38	37.27708601951599	1.1509730770316282
39	38.13736534118652	1.1509730770316282
40	38.99665927886963	1.1549367614879065
41	39.85853290557861	1.1549367614879065
42	40.716798305511475	1.1549367614879065
43	41.57775664329529	1.1567054744235488
44	42.438801527023315	1.1567054744235488
45	43.30071949958801	1.1656160977468746
46	44.162495851516724	1.1656160977468746
47	45.02448272705078	1.1656160977468746
48	45.88649320602417	1.1656160977468746
49	46.74933743476868	1.1786436334691364
50	47.610291719436646	1.1786436334691364
51	48.47042179107666	1.1786436334691364
52	49.33263683319092	1.1786436334691364
53	50.19499111175537	1.1813045469678716
54	51.05730748176575	1.1884819545117702
55	51.921128273010254	1.1884819545117702
56	52.78638529777527	1.1884819545117702
57	53.64911675453186	1.1884819545117702
58	54.51287889480591	1.1884819545117702
59	55.37946653366089	1.1884819545117702
60	56.24519062042236	1.1884819545117702
61	57.107825756073	1.1889671296216695
62	57.972222566604614	1.1889671296216695
63	58.836390018463135	1.1889671296216695
64	59.69921946525574	1.1889671296216695
65	60.56137180328369	1.1889671296216695
66	61.427361488342285	1.2228363810740743
67	62.29336905479431	1.2228363810740743
68	63.15895128250122	1.2228363810740743
69	64.02445244789124	1.2228363810740743
70	64.88972115516663	1.2228363810740743
71	65.75539374351501	1.2228363810740743
72	66.62060785293579	1.2228363810740743
73	67.48940587043762	1.2228363810740743
74	68.35470151901245	1.2228363810740743
75	69.22056436538696	1.2228363810740743
76	70.08902406692505	1.2245577877284923
77	70.95638585090637	1.2245577877284923
78	71.82287764549255	1.2245577877284923
79	72.68740940093994	1.233482720454478
80	73.58450365066528	1.233482720454478
81	74.45267415046692	1.233482720454478
82	75.32631063461304	1.233482720454478
83	76.19270658493042	1.244874722087973
84	77.06110000610352	1.244874722087973
85	77.92680883407593	1.244874722087973
86	78.79495906829834	1.244874722087973
87	79.66148138046265	1.244874722087973
88	80.52863121032715	1.2580686763818867
89	81.39615106582642	1.2580686763818867
90	82.26247715950012	1.259826893781972
91	83.12951707839966	1.2664914616901406
92	83.9964964389801	1.2664914616901406
93	84.86419224739075	1.2664914616901406
94	85.73038649559021	1.2664914616901406
95	86.59958839416504	1.2664914616901406
96	87.47047996520996	1.2664914616901406
97	88.33752942085266	1.2664914616901406
98	89.20766592025757	1.2664914616901406
99	90.07761335372925	1.2774086893567813
