generation	time	fitness
0	3.0064730644226074	0.6132244604454173
1	5.584161996841431	0.8909235677239383
2	6.454012870788574	0.8909235677239383
3	7.318445444107056	0.8909235677239383
4	8.316296100616455	0.8909235677239383
5	9.196438550949097	0.903469248830923
6	10.067188024520874	0.903469248830923
7	10.934476852416992	0.9210575336861513
8	11.796061038970947	0.9210575336861513
9	12.65804672241211	0.9389341599881318
10	13.51528000831604	0.9389341599881318
11	14.371711015701294	0.9389341599881318
12	15.229541063308716	0.9726844125774735
13	16.08747959136963	0.9817257259465336
14	16.943809270858765	0.9817257259465336
15	17.80064082145691	0.9817257259465336
16	18.657302618026733	0.9817257259465336
17	19.513609409332275	0.9817257259465336
18	20.36932373046875	1.0102792362141269
19	21.226012468338013	1.0102792362141269
20	22.084802865982056	1.0102792362141269
21	22.941317796707153	1.0102792362141269
22	23.7995867729187	1.0102792362141269
23	24.657891035079956	1.0102792362141269
24	25.515692949295044	1.0102792362141269
25	26.373502731323242	1.0512418759418802
26	27.231874227523804	1.0512418759418802
27	28.09262990951538	1.0643564475797986
28	28.950249910354614	1.0643564475797986
29	29.79927897453308	1.0643564475797986
30	30.65893006324768	1.0643564475797986
31	31.518261194229126	1.0643564475797986
32	32.377888441085815	1.0643564475797986
33	33.23879432678223	1.0643564475797986
34	34.09889245033264	1.0722115048938363
35	34.95912194252014	1.0722419466146917
36	35.81823921203613	1.0722419466146917
37	36.681543588638306	1.0722419466146917
38	37.54306364059448	1.0722419466146917
39	38.40287756919861	1.0722419466146917
40	39.2633695602417	1.0773199700230573
41	40.12578082084656	1.097597829159274
42	40.98725342750549	1.097597829159274
43	41.84791421890259	1.1178695052037786
44	42.71065545082092	1.1178695052037786
45	43.57266449928284	1.1178695052037786
46	44.435487508773804	1.1178695052037786
47	45.30201721191406	1.1178695052037786
48	46.16611409187317	1.1178695052037786
49	47.029489517211914	1.146972350312188
50	47.89053535461426	1.146972350312188
51	48.75351166725159	1.146972350312188
52	49.6166467666626	1.146972350312188
53	50.47979474067688	1.1554555852414659
54	51.343276023864746	1.1554555852414659
55	52.209415674209595	1.1554555852414659
56	53.07169842720032	1.1554555852414659
57	53.93461728096008	1.1554555852414659
58	54.80380630493164	1.1554555852414659
59	55.66788578033447	1.1554555852414659
60	56.533952951431274	1.1578143009224307
61	57.397841453552246	1.1578143009224307
62	58.262112855911255	1.1773213932022037
63	59.12693810462952	1.1921995594046269
64	59.99230432510376	1.1921995594046269
65	60.858011960983276	1.193268890830827
66	61.722965717315674	1.204662914783509
67	62.59003305435181	1.204662914783509
68	63.4549400806427	1.204662914783509
69	64.32105207443237	1.204662914783509
70	65.18671989440918	1.204662914783509
71	66.05335402488708	1.204662914783509
72	66.91946911811829	1.230333833386957
73	67.79261946678162	1.230333833386957
74	68.65967631340027	1.230333833386957
75	69.5259919166565	1.230333833386957
76	70.39456987380981	1.2460231785719207
77	71.26094937324524	1.2460231785719207
78	72.12695360183716	1.2460231785719207
79	72.99502325057983	1.2460231785719207
80	73.86213541030884	1.2460231785719207
81	74.72797966003418	1.2460231785719207
82	75.59462690353394	1.2467240172477514
83	76.46327519416809	1.2467240172477514
84	77.32979035377502	1.2474636378140307
85	78.19819188117981	1.2474636378140307
86	79.06742978096008	1.2474636378140307
87	79.93384003639221	1.2474636378140307
88	80.80541491508484	1.2570167991063235
89	81.6730101108551	1.2596271511225525
90	82.54232954978943	1.2629462532902433
91	83.41280770301819	1.2679588913146556
92	84.28075170516968	1.2679588913146556
93	85.14946794509888	1.2679588913146556
94	86.01741361618042	1.2679588913146556
95	86.88406658172607	1.2679588913146556
96	87.75115370750427	1.2679588913146556
97	88.61951756477356	1.2679588913146556
98	89.48712682723999	1.2679588913146556
99	90.3560242652893	1.2679588913146556
