generation	time	fitness
0	3.1433043479919434	0.6679934579596724
1	5.694796323776245	0.8349735541898189
2	6.543764591217041	0.8392265793169378
3	7.391597747802734	0.8630050383710626
4	8.239494800567627	0.8929300019574407
5	9.088226318359375	0.8929300019574407
6	9.938611268997192	0.9306146728920173
7	10.787384271621704	0.9306146728920173
8	11.635997772216797	0.9306146728920173
9	12.489596843719482	0.9438999687223777
10	13.343072891235352	0.9854665088174979
11	14.194441080093384	0.9854665088174979
12	15.048539400100708	1.0045056743558771
13	15.899671792984009	1.0045056743558771
14	16.754656076431274	1.0045056743558771
15	17.592321157455444	1.0045056743558771
16	18.448978662490845	1.0409180252556136
17	19.30712056159973	1.0409180252556136
18	20.16290307044983	1.0409180252556136
19	21.018693447113037	1.0409180252556136
20	21.875611305236816	1.0409180252556136
21	22.733734607696533	1.0409180252556136
22	23.588117122650146	1.0409180252556136
23	24.445086002349854	1.0409180252556136
24	25.303508043289185	1.0409180252556136
25	26.159058570861816	1.0852271392861308
26	27.0167977809906	1.0852271392861308
27	27.87354302406311	1.0852271392861308
28	28.731853485107422	1.0852271392861308
29	29.589746475219727	1.0852271392861308
30	30.447470903396606	1.0852271392861308
31	31.30661392211914	1.0852271392861308
32	32.165019512176514	1.0852271392861308
33	33.02390670776367	1.0852271392861308
34	33.89333391189575	1.0852271392861308
35	34.759204387664795	1.0852271392861308
36	35.62320399284363	1.0852271392861308
37	36.483853578567505	1.0852271392861308
38	37.34491562843323	1.0852271392861308
39	38.205960512161255	1.1077011200521718
40	39.06667160987854	1.1077011200521718
41	39.9268958568573	1.1077011200521718
42	40.788580894470215	1.1077011200521718
43	41.648810148239136	1.1077011200521718
44	42.51063346862793	1.1082129562984382
45	43.37318968772888	1.1082129562984382
46	44.23642921447754	1.1082129562984382
47	45.10058093070984	1.1082129562984382
48	45.96171545982361	1.1082129562984382
49	46.82582449913025	1.1082129562984382
50	47.688358783721924	1.1082129562984382
51	48.551262617111206	1.133056696413726
52	49.41525483131409	1.133056696413726
53	50.27957844734192	1.133056696413726
54	51.144702196121216	1.133056696413726
55	52.00870323181152	1.133056696413726
56	52.875685930252075	1.133056696413726
57	53.73969388008118	1.133056696413726
58	54.604623317718506	1.1367803769443992
59	55.46879458427429	1.1367803769443992
60	56.333680868148804	1.1367803769443992
61	57.198869466781616	1.1367803769443992
62	58.06347131729126	1.1367803769443992
63	58.92968273162842	1.2053365934871825
64	59.80010437965393	1.2053365934871825
65	60.66674470901489	1.2053365934871825
66	61.53515815734863	1.2053365934871825
67	62.40232610702515	1.2053365934871825
68	63.26880168914795	1.2053365934871825
69	64.13600277900696	1.2053365934871825
70	65.00231695175171	1.2053365934871825
71	65.86878490447998	1.2053365934871825
72	66.73455214500427	1.2053365934871825
73	67.6039764881134	1.2053365934871825
74	68.47212743759155	1.2226372631040046
75	69.34191846847534	1.2226372631040046
76	70.21087646484375	1.2226372631040046
77	71.08029246330261	1.2226372631040046
78	71.94846200942993	1.2226372631040046
79	72.8158450126648	1.2226372631040046
80	73.6843843460083	1.2226372631040046
81	74.56212735176086	1.22887014262054
82	75.43039798736572	1.22887014262054
83	76.29961395263672	1.2293748918185292
84	77.16888618469238	1.2293748918185292
85	78.03786325454712	1.253356618907794
86	78.90855360031128	1.253356618907794
87	79.77779459953308	1.253356618907794
88	80.6493022441864	1.2623041457360813
89	81.517493724823	1.2635672327381795
90	82.38708019256592	1.2635672327381795
91	83.2549946308136	1.2771551922994893
92	84.12588143348694	1.2771551922994893
93	84.99403214454651	1.2771551922994893
94	85.86278986930847	1.2771551922994893
95	86.73428058624268	1.287142654953565
96	87.6065878868103	1.287142654953565
97	88.4791431427002	1.287142654953565
98	89.35005378723145	1.2944173693257537
99	90.22224712371826	1.2944173693257537
